date_and_time_UTC,bout_time_percentage,LFbout_time_percentage,HFbout_time_percentage
2025-12-10 20:00:00+00:00,0.0,0.0,0.0
2025-12-10 20:10:00+00:00,0.0,0.0,0.0
2025-12-10 20:20:00+00:00,0.0,0.0,0.0
2025-12-10 20:30:00+00:00,0.0,0.0,0.0
2025-12-10 20:40:00+00:00,0.0,0.0,0.0
2025-12-10 20:50:00+00:00,0.0,0.0,0.0
2025-12-10 21:00:00+00:00,0.0,0.0,0.0
2025-12-10 21:10:00+00:00,0.0,0.0,0.0
2025-12-10 21:20:00+00:00,0.0,0.0,0.0
2025-12-10 21:30:00+00:00,0.0,0.0,0.0
2025-12-10 21:40:00+00:00,0.0,0.0,0.0
2025-12-10 21:50:00+00:00,0.0,0.0,0.0
2025-12-10 22:00:00+00:00,0.0,0.0,0.0
2025-12-10 22:10:00+00:00,0.0,0.0,0.0
2025-12-10 22:20:00+00:00,0.0,0.0,0.0
2025-12-10 22:30:00+00:00,0.0,0.0,0.0
2025-12-10 22:40:00+00:00,0.0,0.0,0.0
2025-12-10 22:50:00+00:00,0.0,0.0,0.0
2025-12-10 23:00:00+00:00,0.0,0.0,0.0
2025-12-10 23:10:00+00:00,0.0,0.0,0.0
2025-12-10 23:20:00+00:00,0.0,0.0,0.0
2025-12-10 23:30:00+00:00,0.0,0.0,0.0
2025-12-10 23:40:00+00:00,0.0,0.0,0.0
2025-12-10 23:50:00+00:00,0.0,0.0,0.0
2025-12-11 00:00:00+00:00,0.0,0.0,0.0
2025-12-11 00:10:00+00:00,0.0,0.0,0.0
2025-12-11 00:20:00+00:00,0.0,0.0,0.0
2025-12-11 00:30:00+00:00,0.0,0.0,0.0
2025-12-11 00:40:00+00:00,0.0,0.0,0.0
2025-12-11 00:50:00+00:00,0.0,0.0,0.0
2025-12-11 01:00:00+00:00,0.0,0.0,0.0
2025-12-11 01:10:00+00:00,0.0,0.0,0.0
2025-12-11 01:20:00+00:00,0.0,0.0,0.0
2025-12-11 01:30:00+00:00,0.0,0.0,0.0
2025-12-11 01:40:00+00:00,0.0,0.0,0.0
2025-12-11 01:50:00+00:00,0.0,0.0,0.0
2025-12-11 02:00:00+00:00,0.0,0.0,0.0
2025-12-11 02:10:00+00:00,0.0,0.0,0.0
2025-12-11 02:20:00+00:00,0.0,0.0,0.0
2025-12-11 02:30:00+00:00,0.0,0.0,0.0
2025-12-11 02:40:00+00:00,0.0,0.0,0.0
2025-12-11 02:50:00+00:00,0.0,0.0,0.0
2025-12-11 03:00:00+00:00,0.0,0.0,0.0
2025-12-11 03:10:00+00:00,0.0,0.0,0.0
2025-12-11 03:20:00+00:00,0.0,0.0,0.0
2025-12-11 03:30:00+00:00,0.0,0.0,0.0
2025-12-11 03:40:00+00:00,0.0,0.0,0.0
2025-12-11 03:50:00+00:00,0.0,0.0,0.0
2025-12-11 04:00:00+00:00,0.0,0.0,0.0
2025-12-11 04:10:00+00:00,0.0,0.0,0.0
2025-12-11 04:20:00+00:00,0.0,0.0,0.0
2025-12-11 04:30:00+00:00,0.0,0.0,0.0
2025-12-11 04:40:00+00:00,0.0,0.0,0.0
2025-12-11 04:50:00+00:00,0.0,0.0,0.0
2025-12-11 05:00:00+00:00,0.0,0.0,0.0
2025-12-11 05:10:00+00:00,0.0,0.0,0.0
2025-12-11 05:20:00+00:00,0.0,0.0,0.0
2025-12-11 05:30:00+00:00,0.0,0.0,0.0
2025-12-11 05:40:00+00:00,0.0,0.0,0.0
2025-12-11 05:50:00+00:00,0.0,0.0,0.0
2025-12-11 06:00:00+00:00,0.0,0.0,0.0
2025-12-11 06:10:00+00:00,0.0,0.0,0.0
2025-12-11 06:20:00+00:00,0.0,0.0,0.0
2025-12-11 06:30:00+00:00,0.0,0.0,0.0
2025-12-11 06:40:00+00:00,0.0,0.0,0.0
2025-12-11 06:50:00+00:00,0.0,0.0,0.0
2025-12-11 07:00:00+00:00,0.0,0.0,0.0
2025-12-11 07:10:00+00:00,0.0,0.0,0.0
2025-12-11 07:20:00+00:00,0.0,0.0,0.0
2025-12-11 07:30:00+00:00,0.0,0.0,0.0
2025-12-11 07:40:00+00:00,0.0,0.0,0.0
2025-12-11 07:50:00+00:00,0.0,0.0,0.0
2025-12-11 08:00:00+00:00,0.0,0.0,0.0
2025-12-11 08:10:00+00:00,0.0,0.0,0.0
2025-12-11 08:20:00+00:00,0.0,0.0,0.0
2025-12-11 08:30:00+00:00,0.0,0.0,0.0
2025-12-11 08:40:00+00:00,0.0,0.0,0.0
2025-12-11 08:50:00+00:00,0.0,0.0,0.0
2025-12-11 09:00:00+00:00,0.0,0.0,0.0
2025-12-11 09:10:00+00:00,0.0,0.0,0.0
2025-12-11 09:20:00+00:00,0.0,0.0,0.0
2025-12-11 09:30:00+00:00,7.545600000000001,7.545600000000001,0.0
2025-12-11 09:40:00+00:00,0.0,0.0,0.0
2025-12-11 09:50:00+00:00,0.0,0.0,0.0
2025-12-11 10:00:00+00:00,0.0,0.0,0.0
2025-12-11 10:10:00+00:00,0.0,0.0,0.0
2025-12-11 10:20:00+00:00,0.0,0.0,0.0
2025-12-11 10:30:00+00:00,0.0,0.0,0.0
2025-12-11 10:40:00+00:00,0.0,0.0,0.0
2025-12-11 10:50:00+00:00,0.0,0.0,0.0
2025-12-11 11:00:00+00:00,0.0,0.0,0.0
2025-12-11 11:10:00+00:00,0.0,0.0,0.0
2025-12-11 11:20:00+00:00,0.0,0.0,0.0
2025-12-11 11:30:00+00:00,0.0,0.0,0.0
2025-12-11 11:40:00+00:00,0.0,0.0,0.0
2025-12-11 11:50:00+00:00,0.0,0.0,0.0
2025-12-11 12:00:00+00:00,0.0,0.0,0.0
2025-12-11 12:10:00+00:00,0.0,0.0,0.0
2025-12-11 12:20:00+00:00,0.0,0.0,0.0
2025-12-11 12:30:00+00:00,0.0,0.0,0.0
2025-12-11 12:40:00+00:00,0.0,0.0,0.0
2025-12-11 12:50:00+00:00,0.0,0.0,0.0
2025-12-11 13:00:00+00:00,0.0,0.0,0.0
2025-12-11 13:10:00+00:00,0.0,0.0,0.0
2025-12-11 13:20:00+00:00,0.0,0.0,0.0
2025-12-11 13:30:00+00:00,0.0,0.0,0.0
2025-12-11 13:40:00+00:00,0.0,0.0,0.0
2025-12-11 13:50:00+00:00,0.0,0.0,0.0
2025-12-11 14:00:00+00:00,0.0,0.0,0.0
2025-12-11 14:10:00+00:00,0.0,0.0,0.0
2025-12-11 14:20:00+00:00,0.0,0.0,0.0
2025-12-11 14:30:00+00:00,0.0,0.0,0.0
2025-12-11 14:40:00+00:00,0.0,0.0,0.0
2025-12-11 14:50:00+00:00,0.0,0.0,0.0
2025-12-11 15:00:00+00:00,0.0,0.0,0.0
2025-12-11 15:10:00+00:00,0.0,0.0,0.0
2025-12-11 15:20:00+00:00,0.0,0.0,0.0
2025-12-11 15:30:00+00:00,0.0,0.0,0.0
2025-12-11 15:40:00+00:00,0.0,0.0,0.0
2025-12-11 15:50:00+00:00,0.0,0.0,0.0
2025-12-11 16:00:00+00:00,0.0,0.0,0.0
2025-12-11 16:10:00+00:00,0.0,0.0,0.0
2025-12-11 16:20:00+00:00,0.0,0.0,0.0
2025-12-11 16:30:00+00:00,0.0,0.0,0.0
2025-12-11 16:40:00+00:00,0.0,0.0,0.0
2025-12-11 16:50:00+00:00,0.0,0.0,0.0
2025-12-11 17:00:00+00:00,0.0,0.0,0.0
2025-12-11 17:10:00+00:00,0.0,0.0,0.0
2025-12-11 17:20:00+00:00,0.0,0.0,0.0
2025-12-11 17:30:00+00:00,0.0,0.0,0.0
2025-12-11 17:40:00+00:00,0.0,0.0,0.0
2025-12-11 17:50:00+00:00,0.0,0.0,0.0
2025-12-11 18:00:00+00:00,0.0,0.0,0.0
2025-12-11 18:10:00+00:00,0.0,0.0,0.0
2025-12-11 18:20:00+00:00,0.0,0.0,0.0
2025-12-11 18:30:00+00:00,0.0,0.0,0.0
2025-12-11 18:40:00+00:00,0.0,0.0,0.0
2025-12-11 18:50:00+00:00,0.0,0.0,0.0
2025-12-11 19:00:00+00:00,0.0,0.0,0.0
2025-12-11 19:10:00+00:00,0.0,0.0,0.0
2025-12-11 19:20:00+00:00,0.0,0.0,0.0
2025-12-11 19:30:00+00:00,0.0,0.0,0.0
2025-12-11 19:40:00+00:00,0.0,0.0,0.0
2025-12-11 19:50:00+00:00,0.0,0.0,0.0
2025-12-11 20:00:00+00:00,0.0,0.0,0.0
2025-12-11 20:10:00+00:00,0.0,0.0,0.0
2025-12-11 20:20:00+00:00,0.0,0.0,0.0
2025-12-11 20:30:00+00:00,0.0,0.0,0.0
2025-12-11 20:40:00+00:00,0.0,0.0,0.0
2025-12-11 20:50:00+00:00,0.0,0.0,0.0
2025-12-11 21:00:00+00:00,0.0,0.0,0.0
2025-12-11 21:10:00+00:00,0.0,0.0,0.0
2025-12-11 21:20:00+00:00,0.0,0.0,0.0
2025-12-11 21:30:00+00:00,0.0,0.0,0.0
2025-12-11 21:40:00+00:00,0.0,0.0,0.0
2025-12-11 21:50:00+00:00,0.0,0.0,0.0
2025-12-11 22:00:00+00:00,0.0,0.0,0.0
2025-12-11 22:10:00+00:00,0.0,0.0,0.0
2025-12-11 22:20:00+00:00,0.0,0.0,0.0
2025-12-11 22:30:00+00:00,0.0,0.0,0.0
2025-12-11 22:40:00+00:00,0.0,0.0,0.0
2025-12-11 22:50:00+00:00,0.0,0.0,0.0
2025-12-11 23:00:00+00:00,0.0,0.0,0.0
2025-12-11 23:10:00+00:00,0.0,0.0,0.0
2025-12-11 23:20:00+00:00,0.0,0.0,0.0
2025-12-11 23:30:00+00:00,0.0,0.0,0.0
2025-12-11 23:40:00+00:00,0.0,0.0,0.0
2025-12-11 23:50:00+00:00,0.0,0.0,0.0
2025-12-12 00:00:00+00:00,0.0,0.0,0.0
2025-12-12 00:10:00+00:00,0.0,0.0,0.0
2025-12-12 00:20:00+00:00,0.0,0.0,0.0
2025-12-12 00:30:00+00:00,0.0,0.0,0.0
2025-12-12 00:40:00+00:00,0.0,0.0,0.0
2025-12-12 00:50:00+00:00,0.0,0.0,0.0
2025-12-12 01:00:00+00:00,0.0,0.0,0.0
2025-12-12 01:10:00+00:00,0.0,0.0,0.0
2025-12-12 01:20:00+00:00,0.0,0.0,0.0
2025-12-12 01:30:00+00:00,0.0,0.0,0.0
2025-12-12 01:40:00+00:00,0.0,0.0,0.0
2025-12-12 01:50:00+00:00,0.0,0.0,0.0
2025-12-12 02:00:00+00:00,0.0,0.0,0.0
2025-12-12 02:10:00+00:00,0.0,0.0,0.0
2025-12-12 02:20:00+00:00,0.0,0.0,0.0
2025-12-12 02:30:00+00:00,0.0,0.0,0.0
2025-12-12 02:40:00+00:00,0.0,0.0,0.0
2025-12-12 02:50:00+00:00,0.0,0.0,0.0
2025-12-12 03:00:00+00:00,0.0,0.0,0.0
2025-12-12 03:10:00+00:00,0.0,0.0,0.0
2025-12-12 03:20:00+00:00,0.0,0.0,0.0
2025-12-12 03:30:00+00:00,0.0,0.0,0.0
2025-12-12 03:40:00+00:00,0.0,0.0,0.0
2025-12-12 03:50:00+00:00,0.0,0.0,0.0
2025-12-12 04:00:00+00:00,0.0,0.0,0.0
2025-12-12 04:10:00+00:00,0.0,0.0,0.0
2025-12-12 04:20:00+00:00,0.0,0.0,0.0
2025-12-12 04:30:00+00:00,0.0,0.0,0.0
2025-12-12 04:40:00+00:00,0.0,0.0,0.0
2025-12-12 04:50:00+00:00,0.0,0.0,0.0
2025-12-12 05:00:00+00:00,0.0,0.0,0.0
2025-12-12 05:10:00+00:00,0.0,0.0,0.0
2025-12-12 05:20:00+00:00,0.0,0.0,0.0
2025-12-12 05:30:00+00:00,0.0,0.0,0.0
2025-12-12 05:40:00+00:00,0.0,0.0,0.0
2025-12-12 05:50:00+00:00,0.0,0.0,0.0
2025-12-12 06:00:00+00:00,0.0,0.0,0.0
2025-12-12 06:10:00+00:00,0.0,0.0,0.0
2025-12-12 06:20:00+00:00,0.0,0.0,0.0
2025-12-12 06:30:00+00:00,0.0,0.0,0.0
2025-12-12 06:40:00+00:00,0.0,0.0,0.0
2025-12-12 06:50:00+00:00,0.0,0.0,0.0
2025-12-12 07:00:00+00:00,0.0,0.0,0.0
2025-12-12 07:10:00+00:00,0.0,0.0,0.0
2025-12-12 07:20:00+00:00,0.0,0.0,0.0
2025-12-12 07:30:00+00:00,0.0,0.0,0.0
2025-12-12 07:40:00+00:00,0.0,0.0,0.0
2025-12-12 07:50:00+00:00,0.0,0.0,0.0
2025-12-12 08:00:00+00:00,0.0,0.0,0.0
2025-12-12 08:10:00+00:00,0.0,0.0,0.0
2025-12-12 08:20:00+00:00,0.0,0.0,0.0
2025-12-12 08:30:00+00:00,0.0,0.0,0.0
2025-12-12 08:40:00+00:00,0.0,0.0,0.0
2025-12-12 08:50:00+00:00,0.0,0.0,0.0
2025-12-12 09:00:00+00:00,0.0,0.0,0.0
2025-12-12 09:10:00+00:00,0.0,0.0,0.0
2025-12-12 09:20:00+00:00,0.0,0.0,0.0
2025-12-12 09:30:00+00:00,0.0,0.0,0.0
2025-12-12 09:40:00+00:00,0.0,0.0,0.0
2025-12-12 09:50:00+00:00,0.0,0.0,0.0
2025-12-12 10:00:00+00:00,0.0,0.0,0.0
2025-12-12 10:10:00+00:00,0.0,0.0,0.0
2025-12-12 10:20:00+00:00,0.0,0.0,0.0
2025-12-12 10:30:00+00:00,0.0,0.0,0.0
2025-12-12 10:40:00+00:00,0.0,0.0,0.0
2025-12-12 10:50:00+00:00,0.0,0.0,0.0
2025-12-12 11:00:00+00:00,0.0,0.0,0.0
2025-12-12 11:10:00+00:00,0.0,0.0,0.0
2025-12-12 11:20:00+00:00,0.0,0.0,0.0
2025-12-12 11:30:00+00:00,0.0,0.0,0.0
2025-12-12 11:40:00+00:00,0.0,0.0,0.0
2025-12-12 11:50:00+00:00,0.0,0.0,0.0
2025-12-12 12:00:00+00:00,0.0,0.0,0.0
2025-12-12 12:10:00+00:00,0.0,0.0,0.0
2025-12-12 12:20:00+00:00,0.0,0.0,0.0
2025-12-12 12:30:00+00:00,0.0,0.0,0.0
2025-12-12 12:40:00+00:00,0.0,0.0,0.0
2025-12-12 12:50:00+00:00,0.0,0.0,0.0
2025-12-12 13:00:00+00:00,0.0,0.0,0.0
2025-12-12 13:10:00+00:00,0.0,0.0,0.0
2025-12-12 13:20:00+00:00,0.0,0.0,0.0
2025-12-12 13:30:00+00:00,0.0,0.0,0.0
2025-12-12 13:40:00+00:00,0.0,0.0,0.0
2025-12-12 13:50:00+00:00,0.0,0.0,0.0
2025-12-12 14:00:00+00:00,0.0,0.0,0.0
2025-12-12 14:10:00+00:00,0.0,0.0,0.0
2025-12-12 14:20:00+00:00,0.0,0.0,0.0
2025-12-12 14:30:00+00:00,0.0,0.0,0.0
2025-12-12 14:40:00+00:00,0.0,0.0,0.0
2025-12-12 14:50:00+00:00,0.0,0.0,0.0
2025-12-12 15:00:00+00:00,0.0,0.0,0.0
2025-12-12 15:10:00+00:00,0.0,0.0,0.0
2025-12-12 15:20:00+00:00,0.0,0.0,0.0
2025-12-12 15:30:00+00:00,0.0,0.0,0.0
2025-12-12 15:40:00+00:00,0.0,0.0,0.0
2025-12-12 15:50:00+00:00,0.0,0.0,0.0
2025-12-12 16:00:00+00:00,0.0,0.0,0.0
2025-12-12 16:10:00+00:00,0.0,0.0,0.0
2025-12-12 16:20:00+00:00,0.0,0.0,0.0
2025-12-12 16:30:00+00:00,0.0,0.0,0.0
2025-12-12 16:40:00+00:00,0.0,0.0,0.0
2025-12-12 16:50:00+00:00,0.0,0.0,0.0
2025-12-12 17:00:00+00:00,0.0,0.0,0.0
2025-12-12 17:10:00+00:00,0.0,0.0,0.0
2025-12-12 17:20:00+00:00,0.0,0.0,0.0
2025-12-12 17:30:00+00:00,0.0,0.0,0.0
2025-12-12 17:40:00+00:00,0.0,0.0,0.0
2025-12-12 17:50:00+00:00,0.0,0.0,0.0
2025-12-12 18:00:00+00:00,0.0,0.0,0.0
2025-12-12 18:10:00+00:00,0.0,0.0,0.0
2025-12-12 18:20:00+00:00,0.0,0.0,0.0
2025-12-12 18:30:00+00:00,0.0,0.0,0.0
2025-12-12 18:40:00+00:00,0.0,0.0,0.0
2025-12-12 18:50:00+00:00,0.0,0.0,0.0
2025-12-12 19:00:00+00:00,0.0,0.0,0.0
2025-12-12 19:10:00+00:00,0.0,0.0,0.0
2025-12-12 19:20:00+00:00,0.0,0.0,0.0
2025-12-12 19:30:00+00:00,0.0,0.0,0.0
2025-12-12 19:40:00+00:00,0.0,0.0,0.0
2025-12-12 19:50:00+00:00,0.0,0.0,0.0
2025-12-12 20:00:00+00:00,0.0,0.0,0.0
2025-12-12 20:10:00+00:00,0.0,0.0,0.0
2025-12-12 20:20:00+00:00,0.0,0.0,0.0
2025-12-12 20:30:00+00:00,0.0,0.0,0.0
2025-12-12 20:40:00+00:00,0.0,0.0,0.0
2025-12-12 20:50:00+00:00,0.0,0.0,0.0
2025-12-12 21:00:00+00:00,0.0,0.0,0.0
2025-12-12 21:10:00+00:00,0.0,0.0,0.0
2025-12-12 21:20:00+00:00,0.0,0.0,0.0
2025-12-12 21:30:00+00:00,0.0,0.0,0.0
2025-12-12 21:40:00+00:00,0.0,0.0,0.0
2025-12-12 21:50:00+00:00,0.0,0.0,0.0
2025-12-12 22:00:00+00:00,0.0,0.0,0.0
2025-12-12 22:10:00+00:00,0.0,0.0,0.0
2025-12-12 22:20:00+00:00,0.0,0.0,0.0
2025-12-12 22:30:00+00:00,0.0,0.0,0.0
2025-12-12 22:40:00+00:00,0.0,0.0,0.0
2025-12-12 22:50:00+00:00,0.0,0.0,0.0
2025-12-12 23:00:00+00:00,0.0,0.0,0.0
2025-12-12 23:10:00+00:00,0.0,0.0,0.0
2025-12-12 23:20:00+00:00,0.0,0.0,0.0
2025-12-12 23:30:00+00:00,0.0,0.0,0.0
2025-12-12 23:40:00+00:00,0.0,0.0,0.0
2025-12-12 23:50:00+00:00,0.0,0.0,0.0
2025-12-13 00:00:00+00:00,0.0,0.0,0.0
2025-12-13 00:10:00+00:00,0.0,0.0,0.0
2025-12-13 00:20:00+00:00,0.0,0.0,0.0
2025-12-13 00:30:00+00:00,0.0,0.0,0.0
2025-12-13 00:40:00+00:00,0.0,0.0,0.0
2025-12-13 00:50:00+00:00,0.0,0.0,0.0
2025-12-13 01:00:00+00:00,0.0,0.0,0.0
2025-12-13 01:10:00+00:00,0.0,0.0,0.0
2025-12-13 01:20:00+00:00,0.0,0.0,0.0
2025-12-13 01:30:00+00:00,0.0,0.0,0.0
2025-12-13 01:40:00+00:00,0.0,0.0,0.0
2025-12-13 01:50:00+00:00,0.0,0.0,0.0
2025-12-13 02:00:00+00:00,0.0,0.0,0.0
2025-12-13 02:10:00+00:00,0.0,0.0,0.0
2025-12-13 02:20:00+00:00,0.0,0.0,0.0
2025-12-13 02:30:00+00:00,0.0,0.0,0.0
2025-12-13 02:40:00+00:00,0.0,0.0,0.0
2025-12-13 02:50:00+00:00,0.0,0.0,0.0
2025-12-13 03:00:00+00:00,0.0,0.0,0.0
2025-12-13 03:10:00+00:00,0.0,0.0,0.0
2025-12-13 03:20:00+00:00,0.0,0.0,0.0
2025-12-13 03:30:00+00:00,0.0,0.0,0.0
2025-12-13 03:40:00+00:00,0.0,0.0,0.0
2025-12-13 03:50:00+00:00,0.0,0.0,0.0
2025-12-13 04:00:00+00:00,0.0,0.0,0.0
2025-12-13 04:10:00+00:00,0.0,0.0,0.0
2025-12-13 04:20:00+00:00,0.0,0.0,0.0
2025-12-13 04:30:00+00:00,0.0,0.0,0.0
2025-12-13 04:40:00+00:00,0.0,0.0,0.0
2025-12-13 04:50:00+00:00,0.0,0.0,0.0
2025-12-13 05:00:00+00:00,0.0,0.0,0.0
2025-12-13 05:10:00+00:00,0.0,0.0,0.0
2025-12-13 05:20:00+00:00,0.0,0.0,0.0
2025-12-13 05:30:00+00:00,0.0,0.0,0.0
2025-12-13 05:40:00+00:00,0.0,0.0,0.0
2025-12-13 05:50:00+00:00,0.0,0.0,0.0
2025-12-13 06:00:00+00:00,0.0,0.0,0.0
2025-12-13 06:10:00+00:00,0.0,0.0,0.0
2025-12-13 06:20:00+00:00,0.0,0.0,0.0
2025-12-13 06:30:00+00:00,0.0,0.0,0.0
2025-12-13 06:40:00+00:00,0.0,0.0,0.0
2025-12-13 06:50:00+00:00,0.0,0.0,0.0
2025-12-13 07:00:00+00:00,0.0,0.0,0.0
2025-12-13 07:10:00+00:00,0.0,0.0,0.0
2025-12-13 07:20:00+00:00,0.0,0.0,0.0
2025-12-13 07:30:00+00:00,0.0,0.0,0.0
2025-12-13 07:40:00+00:00,0.0,0.0,0.0
2025-12-13 07:50:00+00:00,0.0,0.0,0.0
2025-12-13 08:00:00+00:00,0.0,0.0,0.0
2025-12-13 08:10:00+00:00,0.0,0.0,0.0
2025-12-13 08:20:00+00:00,0.0,0.0,0.0
2025-12-13 08:30:00+00:00,0.0,0.0,0.0
2025-12-13 08:40:00+00:00,0.0,0.0,0.0
2025-12-13 08:50:00+00:00,0.0,0.0,0.0
2025-12-13 09:00:00+00:00,0.0,0.0,0.0
2025-12-13 09:10:00+00:00,0.0,0.0,0.0
2025-12-13 09:20:00+00:00,0.0,0.0,0.0
2025-12-13 09:30:00+00:00,0.0,0.0,0.0
2025-12-13 09:40:00+00:00,0.0,0.0,0.0
2025-12-13 09:50:00+00:00,0.0,0.0,0.0
2025-12-13 10:00:00+00:00,0.0,0.0,0.0
2025-12-13 10:10:00+00:00,0.0,0.0,0.0
2025-12-13 10:20:00+00:00,0.0,0.0,0.0
2025-12-13 10:30:00+00:00,0.0,0.0,0.0
2025-12-13 10:40:00+00:00,0.0,0.0,0.0
2025-12-13 10:50:00+00:00,0.0,0.0,0.0
2025-12-13 11:00:00+00:00,0.0,0.0,0.0
2025-12-13 11:10:00+00:00,0.0,0.0,0.0
2025-12-13 11:20:00+00:00,0.0,0.0,0.0
2025-12-13 11:30:00+00:00,0.0,0.0,0.0
2025-12-13 11:40:00+00:00,0.0,0.0,0.0
2025-12-13 11:50:00+00:00,0.0,0.0,0.0
2025-12-13 12:00:00+00:00,0.0,0.0,0.0
2025-12-13 12:10:00+00:00,0.0,0.0,0.0
2025-12-13 12:20:00+00:00,0.0,0.0,0.0
2025-12-13 12:30:00+00:00,0.0,0.0,0.0
2025-12-13 12:40:00+00:00,0.0,0.0,0.0
2025-12-13 12:50:00+00:00,0.0,0.0,0.0
2025-12-13 13:00:00+00:00,0.0,0.0,0.0
2025-12-13 13:10:00+00:00,0.0,0.0,0.0
2025-12-13 13:20:00+00:00,0.0,0.0,0.0
2025-12-13 13:30:00+00:00,0.0,0.0,0.0
2025-12-13 13:40:00+00:00,0.0,0.0,0.0
2025-12-13 13:50:00+00:00,0.0,0.0,0.0
2025-12-13 14:00:00+00:00,0.0,0.0,0.0
2025-12-13 14:10:00+00:00,0.0,0.0,0.0
2025-12-13 14:20:00+00:00,0.0,0.0,0.0
2025-12-13 14:30:00+00:00,0.0,0.0,0.0
2025-12-13 14:40:00+00:00,0.0,0.0,0.0
2025-12-13 14:50:00+00:00,0.0,0.0,0.0
2025-12-13 15:00:00+00:00,0.0,0.0,0.0
2025-12-13 15:10:00+00:00,0.0,0.0,0.0
2025-12-13 15:20:00+00:00,0.0,0.0,0.0
2025-12-13 15:30:00+00:00,0.0,0.0,0.0
2025-12-13 15:40:00+00:00,0.0,0.0,0.0
2025-12-13 15:50:00+00:00,0.0,0.0,0.0
2025-12-13 16:00:00+00:00,0.0,0.0,0.0
2025-12-13 16:10:00+00:00,0.0,0.0,0.0
2025-12-13 16:20:00+00:00,0.0,0.0,0.0
2025-12-13 16:30:00+00:00,0.0,0.0,0.0
2025-12-13 16:40:00+00:00,0.0,0.0,0.0
2025-12-13 16:50:00+00:00,0.0,0.0,0.0
2025-12-13 17:00:00+00:00,0.0,0.0,0.0
2025-12-13 17:10:00+00:00,0.0,0.0,0.0
2025-12-13 17:20:00+00:00,0.0,0.0,0.0
2025-12-13 17:30:00+00:00,0.0,0.0,0.0
2025-12-13 17:40:00+00:00,0.0,0.0,0.0
2025-12-13 17:50:00+00:00,0.0,0.0,0.0
2025-12-13 18:00:00+00:00,0.0,0.0,0.0
2025-12-13 18:10:00+00:00,0.0,0.0,0.0
2025-12-13 18:20:00+00:00,0.0,0.0,0.0
2025-12-13 18:30:00+00:00,0.0,0.0,0.0
2025-12-13 18:40:00+00:00,0.0,0.0,0.0
2025-12-13 18:50:00+00:00,0.0,0.0,0.0
2025-12-13 19:00:00+00:00,0.0,0.0,0.0
2025-12-13 19:10:00+00:00,0.0,0.0,0.0
2025-12-13 19:20:00+00:00,0.0,0.0,0.0
2025-12-13 19:30:00+00:00,0.0,0.0,0.0
2025-12-13 19:40:00+00:00,0.0,0.0,0.0
2025-12-13 19:50:00+00:00,0.0,0.0,0.0
2025-12-13 20:00:00+00:00,0.0,0.0,0.0
2025-12-13 20:10:00+00:00,0.0,0.0,0.0
2025-12-13 20:20:00+00:00,0.0,0.0,0.0
2025-12-13 20:30:00+00:00,0.0,0.0,0.0
2025-12-13 20:40:00+00:00,0.0,0.0,0.0
2025-12-13 20:50:00+00:00,0.0,0.0,0.0
2025-12-13 21:00:00+00:00,0.0,0.0,0.0
2025-12-13 21:10:00+00:00,0.0,0.0,0.0
2025-12-13 21:20:00+00:00,0.0,0.0,0.0
2025-12-13 21:30:00+00:00,0.0,0.0,0.0
2025-12-13 21:40:00+00:00,0.0,0.0,0.0
2025-12-13 21:50:00+00:00,0.0,0.0,0.0
2025-12-13 22:00:00+00:00,0.0,0.0,0.0
2025-12-13 22:10:00+00:00,0.0,0.0,0.0
2025-12-13 22:20:00+00:00,0.0,0.0,0.0
2025-12-13 22:30:00+00:00,0.0,0.0,0.0
2025-12-13 22:40:00+00:00,0.0,0.0,0.0
2025-12-13 22:50:00+00:00,0.0,0.0,0.0
2025-12-13 23:00:00+00:00,0.0,0.0,0.0
2025-12-13 23:10:00+00:00,0.0,0.0,0.0
2025-12-13 23:20:00+00:00,0.0,0.0,0.0
2025-12-13 23:30:00+00:00,0.0,0.0,0.0
2025-12-13 23:40:00+00:00,0.0,0.0,0.0
2025-12-13 23:50:00+00:00,0.0,0.0,0.0
2025-12-14 00:00:00+00:00,0.0,0.0,0.0
2025-12-14 00:10:00+00:00,0.0,0.0,0.0
2025-12-14 00:20:00+00:00,0.0,0.0,0.0
2025-12-14 00:30:00+00:00,0.0,0.0,0.0
2025-12-14 00:40:00+00:00,0.0,0.0,0.0
2025-12-14 00:50:00+00:00,0.0,0.0,0.0
2025-12-14 01:00:00+00:00,0.0,0.0,0.0
2025-12-14 01:10:00+00:00,0.0,0.0,0.0
2025-12-14 01:20:00+00:00,0.0,0.0,0.0
2025-12-14 01:30:00+00:00,0.0,0.0,0.0
2025-12-14 01:40:00+00:00,0.0,0.0,0.0
2025-12-14 01:50:00+00:00,0.0,0.0,0.0
2025-12-14 02:00:00+00:00,0.0,0.0,0.0
2025-12-14 02:10:00+00:00,0.0,0.0,0.0
2025-12-14 02:20:00+00:00,0.0,0.0,0.0
2025-12-14 02:30:00+00:00,0.0,0.0,0.0
2025-12-14 02:40:00+00:00,0.0,0.0,0.0
2025-12-14 02:50:00+00:00,0.0,0.0,0.0
2025-12-14 03:00:00+00:00,0.0,0.0,0.0
2025-12-14 03:10:00+00:00,0.0,0.0,0.0
2025-12-14 03:20:00+00:00,0.0,0.0,0.0
2025-12-14 03:30:00+00:00,0.0,0.0,0.0
2025-12-14 03:40:00+00:00,0.0,0.0,0.0
2025-12-14 03:50:00+00:00,0.0,0.0,0.0
2025-12-14 04:00:00+00:00,0.0,0.0,0.0
2025-12-14 04:10:00+00:00,0.0,0.0,0.0
2025-12-14 04:20:00+00:00,0.0,0.0,0.0
2025-12-14 04:30:00+00:00,0.0,0.0,0.0
2025-12-14 04:40:00+00:00,0.0,0.0,0.0
2025-12-14 04:50:00+00:00,0.0,0.0,0.0
2025-12-14 05:00:00+00:00,0.0,0.0,0.0
2025-12-14 05:10:00+00:00,0.0,0.0,0.0
2025-12-14 05:20:00+00:00,0.0,0.0,0.0
2025-12-14 05:30:00+00:00,0.0,0.0,0.0
2025-12-14 05:40:00+00:00,0.0,0.0,0.0
2025-12-14 05:50:00+00:00,0.0,0.0,0.0
2025-12-14 06:00:00+00:00,0.0,0.0,0.0
2025-12-14 06:10:00+00:00,0.0,0.0,0.0
2025-12-14 06:20:00+00:00,0.0,0.0,0.0
2025-12-14 06:30:00+00:00,0.0,0.0,0.0
2025-12-14 06:40:00+00:00,0.0,0.0,0.0
2025-12-14 06:50:00+00:00,0.0,0.0,0.0
2025-12-14 07:00:00+00:00,0.0,0.0,0.0
2025-12-14 07:10:00+00:00,0.0,0.0,0.0
2025-12-14 07:20:00+00:00,0.0,0.0,0.0
2025-12-14 07:30:00+00:00,0.0,0.0,0.0
2025-12-14 07:40:00+00:00,0.0,0.0,0.0
2025-12-14 07:50:00+00:00,0.0,0.0,0.0
2025-12-14 08:00:00+00:00,0.0,0.0,0.0
2025-12-14 08:10:00+00:00,0.0,0.0,0.0
2025-12-14 08:20:00+00:00,0.0,0.0,0.0
2025-12-14 08:30:00+00:00,0.0,0.0,0.0
2025-12-14 08:40:00+00:00,0.0,0.0,0.0
2025-12-14 08:50:00+00:00,0.0,0.0,0.0
2025-12-14 09:00:00+00:00,0.0,0.0,0.0
2025-12-14 09:10:00+00:00,0.0,0.0,0.0
2025-12-14 09:20:00+00:00,0.0,0.0,0.0
2025-12-14 09:30:00+00:00,0.0,0.0,0.0
2025-12-14 09:40:00+00:00,0.0,0.0,0.0
2025-12-14 09:50:00+00:00,0.0,0.0,0.0
2025-12-14 10:00:00+00:00,0.0,0.0,0.0
2025-12-14 10:10:00+00:00,0.0,0.0,0.0
2025-12-14 10:20:00+00:00,0.0,0.0,0.0
2025-12-14 10:30:00+00:00,0.0,0.0,0.0
2025-12-14 10:40:00+00:00,0.0,0.0,0.0
2025-12-14 10:50:00+00:00,0.0,0.0,0.0
2025-12-14 11:00:00+00:00,0.0,0.0,0.0
2025-12-14 11:10:00+00:00,0.0,0.0,0.0
2025-12-14 11:20:00+00:00,0.0,0.0,0.0
2025-12-14 11:30:00+00:00,0.0,0.0,0.0
2025-12-14 11:40:00+00:00,0.0,0.0,0.0
2025-12-14 11:50:00+00:00,0.0,0.0,0.0
2025-12-14 12:00:00+00:00,0.0,0.0,0.0
2025-12-14 12:10:00+00:00,0.0,0.0,0.0
2025-12-14 12:20:00+00:00,0.0,0.0,0.0
2025-12-14 12:30:00+00:00,0.0,0.0,0.0
2025-12-14 12:40:00+00:00,0.0,0.0,0.0
2025-12-14 12:50:00+00:00,0.0,0.0,0.0
2025-12-14 13:00:00+00:00,0.0,0.0,0.0
2025-12-14 13:10:00+00:00,0.0,0.0,0.0
2025-12-14 13:20:00+00:00,0.0,0.0,0.0
2025-12-14 13:30:00+00:00,0.0,0.0,0.0
2025-12-14 13:40:00+00:00,0.0,0.0,0.0
2025-12-14 13:50:00+00:00,0.0,0.0,0.0
2025-12-14 14:00:00+00:00,0.0,0.0,0.0
2025-12-14 14:10:00+00:00,0.0,0.0,0.0
2025-12-14 14:20:00+00:00,0.0,0.0,0.0
2025-12-14 14:30:00+00:00,0.0,0.0,0.0
2025-12-14 14:40:00+00:00,0.0,0.0,0.0
2025-12-14 14:50:00+00:00,0.0,0.0,0.0
2025-12-14 15:00:00+00:00,0.0,0.0,0.0
2025-12-14 15:10:00+00:00,0.0,0.0,0.0
2025-12-14 15:20:00+00:00,0.0,0.0,0.0
2025-12-14 15:30:00+00:00,0.0,0.0,0.0
2025-12-14 15:40:00+00:00,0.0,0.0,0.0
2025-12-14 15:50:00+00:00,0.0,0.0,0.0
2025-12-14 16:00:00+00:00,0.0,0.0,0.0
2025-12-14 16:10:00+00:00,0.0,0.0,0.0
2025-12-14 16:20:00+00:00,0.0,0.0,0.0
2025-12-14 16:30:00+00:00,0.0,0.0,0.0
2025-12-14 16:40:00+00:00,0.0,0.0,0.0
2025-12-14 16:50:00+00:00,0.0,0.0,0.0
2025-12-14 17:00:00+00:00,0.0,0.0,0.0
2025-12-14 17:10:00+00:00,0.0,0.0,0.0
2025-12-14 17:20:00+00:00,0.0,0.0,0.0
2025-12-14 17:30:00+00:00,0.0,0.0,0.0
2025-12-14 17:40:00+00:00,0.0,0.0,0.0
2025-12-14 17:50:00+00:00,0.0,0.0,0.0
2025-12-14 18:00:00+00:00,0.0,0.0,0.0
2025-12-14 18:10:00+00:00,0.0,0.0,0.0
2025-12-14 18:20:00+00:00,0.0,0.0,0.0
2025-12-14 18:30:00+00:00,0.0,0.0,0.0
2025-12-14 18:40:00+00:00,0.0,0.0,0.0
2025-12-14 18:50:00+00:00,0.0,0.0,0.0
2025-12-14 19:00:00+00:00,0.0,0.0,0.0
2025-12-14 19:10:00+00:00,0.0,0.0,0.0
2025-12-14 19:20:00+00:00,0.0,0.0,0.0
2025-12-14 19:30:00+00:00,0.0,0.0,0.0
2025-12-14 19:40:00+00:00,0.0,0.0,0.0
2025-12-14 19:50:00+00:00,0.0,0.0,0.0
2025-12-14 20:00:00+00:00,0.0,0.0,0.0
2025-12-14 20:10:00+00:00,0.0,0.0,0.0
2025-12-14 20:20:00+00:00,0.0,0.0,0.0
2025-12-14 20:30:00+00:00,0.0,0.0,0.0
2025-12-14 20:40:00+00:00,0.0,0.0,0.0
2025-12-14 20:50:00+00:00,0.0,0.0,0.0
2025-12-14 21:00:00+00:00,0.0,0.0,0.0
2025-12-14 21:10:00+00:00,0.0,0.0,0.0
2025-12-14 21:20:00+00:00,0.0,0.0,0.0
2025-12-14 21:30:00+00:00,0.0,0.0,0.0
2025-12-14 21:40:00+00:00,0.0,0.0,0.0
2025-12-14 21:50:00+00:00,0.0,0.0,0.0
2025-12-14 22:00:00+00:00,0.0,0.0,0.0
2025-12-14 22:10:00+00:00,0.0,0.0,0.0
2025-12-14 22:20:00+00:00,0.0,0.0,0.0
2025-12-14 22:30:00+00:00,0.0,0.0,0.0
2025-12-14 22:40:00+00:00,0.0,0.0,0.0
2025-12-14 22:50:00+00:00,0.0,0.0,0.0
2025-12-14 23:00:00+00:00,0.0,0.0,0.0
2025-12-14 23:10:00+00:00,0.0,0.0,0.0
2025-12-14 23:20:00+00:00,0.0,0.0,0.0
2025-12-14 23:30:00+00:00,0.0,0.0,0.0
2025-12-14 23:40:00+00:00,0.0,0.0,0.0
2025-12-14 23:50:00+00:00,0.0,0.0,0.0
2025-12-15 00:00:00+00:00,0.0,0.0,0.0
2025-12-15 00:10:00+00:00,0.0,0.0,0.0
2025-12-15 00:20:00+00:00,0.0,0.0,0.0
2025-12-15 00:30:00+00:00,0.0,0.0,0.0
2025-12-15 00:40:00+00:00,0.0,0.0,0.0
2025-12-15 00:50:00+00:00,0.0,0.0,0.0
2025-12-15 01:00:00+00:00,0.767,0.767,0.0
2025-12-15 01:10:00+00:00,0.0,0.0,0.0
2025-12-15 01:20:00+00:00,0.0,0.0,0.0
2025-12-15 01:30:00+00:00,0.0,0.0,0.0
2025-12-15 01:40:00+00:00,0.0,0.0,0.0
2025-12-15 01:50:00+00:00,0.0,0.0,0.0
2025-12-15 02:00:00+00:00,0.0,0.0,0.0
2025-12-15 02:10:00+00:00,0.0,0.0,0.0
2025-12-15 02:20:00+00:00,0.0,0.0,0.0
2025-12-15 02:30:00+00:00,0.0,0.0,0.0
2025-12-15 02:40:00+00:00,0.0,0.0,0.0
2025-12-15 02:50:00+00:00,0.0,0.0,0.0
2025-12-15 03:00:00+00:00,0.0,0.0,0.0
2025-12-15 03:10:00+00:00,0.0,0.0,0.0
2025-12-15 03:20:00+00:00,0.0,0.0,0.0
2025-12-15 03:30:00+00:00,0.0,0.0,0.0
2025-12-15 03:40:00+00:00,0.0,0.0,0.0
2025-12-15 03:50:00+00:00,0.0,0.0,0.0
2025-12-15 04:00:00+00:00,0.0,0.0,0.0
2025-12-15 04:10:00+00:00,0.0,0.0,0.0
2025-12-15 04:20:00+00:00,0.0,0.0,0.0
2025-12-15 04:30:00+00:00,0.0,0.0,0.0
2025-12-15 04:40:00+00:00,0.0,0.0,0.0
2025-12-15 04:50:00+00:00,0.0,0.0,0.0
2025-12-15 05:00:00+00:00,0.0,0.0,0.0
2025-12-15 05:10:00+00:00,0.0,0.0,0.0
2025-12-15 05:20:00+00:00,0.0,0.0,0.0
2025-12-15 05:30:00+00:00,0.0,0.0,0.0
2025-12-15 05:40:00+00:00,0.0,0.0,0.0
2025-12-15 05:50:00+00:00,0.0,0.0,0.0
2025-12-15 06:00:00+00:00,0.0,0.0,0.0
2025-12-15 06:10:00+00:00,0.0,0.0,0.0
2025-12-15 06:20:00+00:00,0.0,0.0,0.0
2025-12-15 06:30:00+00:00,0.0,0.0,0.0
2025-12-15 06:40:00+00:00,0.0,0.0,0.0
2025-12-15 06:50:00+00:00,0.0,0.0,0.0
2025-12-15 07:00:00+00:00,0.0,0.0,0.0
2025-12-15 07:10:00+00:00,0.0,0.0,0.0
2025-12-15 07:20:00+00:00,0.0,0.0,0.0
2025-12-15 07:30:00+00:00,0.0,0.0,0.0
2025-12-15 07:40:00+00:00,0.0,0.0,0.0
2025-12-15 07:50:00+00:00,0.0,0.0,0.0
2025-12-15 08:00:00+00:00,0.0,0.0,0.0
2025-12-15 08:10:00+00:00,0.0,0.0,0.0
2025-12-15 08:20:00+00:00,0.0,0.0,0.0
2025-12-15 08:30:00+00:00,0.0,0.0,0.0
2025-12-15 08:40:00+00:00,0.0,0.0,0.0
2025-12-15 08:50:00+00:00,0.0,0.0,0.0
2025-12-15 09:00:00+00:00,0.0,0.0,0.0
2025-12-15 09:10:00+00:00,0.0,0.0,0.0
2025-12-15 09:20:00+00:00,0.0,0.0,0.0
2025-12-15 09:30:00+00:00,0.0,0.0,0.0
2025-12-15 09:40:00+00:00,0.0,0.0,0.0
2025-12-15 09:50:00+00:00,0.0,0.0,0.0
2025-12-15 10:00:00+00:00,0.0,0.0,0.0
2025-12-15 10:10:00+00:00,0.0,0.0,0.0
2025-12-15 10:20:00+00:00,0.0,0.0,0.0
2025-12-15 10:30:00+00:00,0.0,0.0,0.0
2025-12-15 10:40:00+00:00,0.0,0.0,0.0
2025-12-15 10:50:00+00:00,0.0,0.0,0.0
2025-12-15 11:00:00+00:00,0.0,0.0,0.0
2025-12-15 11:10:00+00:00,0.0,0.0,0.0
2025-12-15 11:20:00+00:00,0.0,0.0,0.0
2025-12-15 11:30:00+00:00,0.0,0.0,0.0
2025-12-15 11:40:00+00:00,0.0,0.0,0.0
2025-12-15 11:50:00+00:00,0.0,0.0,0.0
2025-12-15 12:00:00+00:00,0.0,0.0,0.0
2025-12-15 12:10:00+00:00,0.0,0.0,0.0
2025-12-15 12:20:00+00:00,0.0,0.0,0.0
2025-12-15 12:30:00+00:00,0.0,0.0,0.0
2025-12-15 12:40:00+00:00,0.0,0.0,0.0
2025-12-15 12:50:00+00:00,0.0,0.0,0.0
2025-12-15 13:00:00+00:00,0.0,0.0,0.0
2025-12-15 13:10:00+00:00,0.0,0.0,0.0
2025-12-15 13:20:00+00:00,0.0,0.0,0.0
2025-12-15 13:30:00+00:00,0.0,0.0,0.0
2025-12-15 13:40:00+00:00,0.0,0.0,0.0
2025-12-15 13:50:00+00:00,0.0,0.0,0.0
2025-12-15 14:00:00+00:00,0.0,0.0,0.0
2025-12-15 14:10:00+00:00,0.0,0.0,0.0
2025-12-15 14:20:00+00:00,0.0,0.0,0.0
2025-12-15 14:30:00+00:00,0.0,0.0,0.0
2025-12-15 14:40:00+00:00,0.0,0.0,0.0
2025-12-15 14:50:00+00:00,0.0,0.0,0.0
2025-12-15 15:00:00+00:00,0.0,0.0,0.0
2025-12-15 15:10:00+00:00,0.0,0.0,0.0
2025-12-15 15:20:00+00:00,0.0,0.0,0.0
2025-12-15 15:30:00+00:00,0.0,0.0,0.0
2025-12-15 15:40:00+00:00,0.0,0.0,0.0
2025-12-15 15:50:00+00:00,0.0,0.0,0.0
2025-12-15 16:00:00+00:00,0.0,0.0,0.0
2025-12-15 16:10:00+00:00,0.0,0.0,0.0
2025-12-15 16:20:00+00:00,0.0,0.0,0.0
2025-12-15 16:30:00+00:00,0.0,0.0,0.0
2025-12-15 16:40:00+00:00,0.0,0.0,0.0
2025-12-15 16:50:00+00:00,0.0,0.0,0.0
2025-12-15 17:00:00+00:00,0.0,0.0,0.0
2025-12-15 17:10:00+00:00,0.0,0.0,0.0
2025-12-15 17:20:00+00:00,0.0,0.0,0.0
2025-12-15 17:30:00+00:00,0.0,0.0,0.0
2025-12-15 17:40:00+00:00,0.0,0.0,0.0
2025-12-15 17:50:00+00:00,0.0,0.0,0.0
2025-12-15 18:00:00+00:00,0.0,0.0,0.0
2025-12-15 18:10:00+00:00,0.0,0.0,0.0
2025-12-15 18:20:00+00:00,0.0,0.0,0.0
2025-12-15 18:30:00+00:00,0.0,0.0,0.0
2025-12-15 18:40:00+00:00,0.0,0.0,0.0
2025-12-15 18:50:00+00:00,0.0,0.0,0.0
2025-12-15 19:00:00+00:00,0.0,0.0,0.0
2025-12-15 19:10:00+00:00,0.0,0.0,0.0
2025-12-15 19:20:00+00:00,0.0,0.0,0.0
2025-12-15 19:30:00+00:00,0.0,0.0,0.0
2025-12-15 19:40:00+00:00,0.0,0.0,0.0
2025-12-15 19:50:00+00:00,0.0,0.0,0.0
2025-12-15 20:00:00+00:00,0.0,0.0,0.0
2025-12-15 20:10:00+00:00,0.0,0.0,0.0
2025-12-15 20:20:00+00:00,0.0,0.0,0.0
2025-12-15 20:30:00+00:00,0.0,0.0,0.0
2025-12-15 20:40:00+00:00,0.0,0.0,0.0
2025-12-15 20:50:00+00:00,0.0,0.0,0.0
2025-12-15 21:00:00+00:00,0.0,0.0,0.0
2025-12-15 21:10:00+00:00,0.0,0.0,0.0
2025-12-15 21:20:00+00:00,0.0,0.0,0.0
2025-12-15 21:30:00+00:00,0.0,0.0,0.0
2025-12-15 21:40:00+00:00,0.0,0.0,0.0
2025-12-15 21:50:00+00:00,0.0,0.0,0.0
2025-12-15 22:00:00+00:00,0.0,0.0,0.0
2025-12-15 22:10:00+00:00,0.0,0.0,0.0
2025-12-15 22:20:00+00:00,0.0,0.0,0.0
2025-12-15 22:30:00+00:00,0.0,0.0,0.0
2025-12-15 22:40:00+00:00,0.0,0.0,0.0
2025-12-15 22:50:00+00:00,0.0,0.0,0.0
2025-12-15 23:00:00+00:00,0.0,0.0,0.0
2025-12-15 23:10:00+00:00,0.0,0.0,0.0
2025-12-15 23:20:00+00:00,0.0,0.0,0.0
2025-12-15 23:30:00+00:00,0.0,0.0,0.0
2025-12-15 23:40:00+00:00,0.0,0.0,0.0
2025-12-15 23:50:00+00:00,0.0,0.0,0.0
2025-12-16 00:00:00+00:00,0.0,0.0,0.0
2025-12-16 00:10:00+00:00,0.0,0.0,0.0
2025-12-16 00:20:00+00:00,0.0,0.0,0.0
2025-12-16 00:30:00+00:00,0.0,0.0,0.0
2025-12-16 00:40:00+00:00,0.0,0.0,0.0
2025-12-16 00:50:00+00:00,0.0,0.0,0.0
2025-12-16 01:00:00+00:00,0.0,0.0,0.0
2025-12-16 01:10:00+00:00,0.0,0.0,0.0
2025-12-16 01:20:00+00:00,0.0,0.0,0.0
2025-12-16 01:30:00+00:00,0.0,0.0,0.0
2025-12-16 01:40:00+00:00,0.0,0.0,0.0
2025-12-16 01:50:00+00:00,0.0,0.0,0.0
2025-12-16 02:00:00+00:00,0.0,0.0,0.0
2025-12-16 02:10:00+00:00,0.0,0.0,0.0
2025-12-16 02:20:00+00:00,0.0,0.0,0.0
2025-12-16 02:30:00+00:00,0.0,0.0,0.0
2025-12-16 02:40:00+00:00,0.0,0.0,0.0
2025-12-16 02:50:00+00:00,0.0,0.0,0.0
2025-12-16 03:00:00+00:00,0.0,0.0,0.0
2025-12-16 03:10:00+00:00,0.0,0.0,0.0
2025-12-16 03:20:00+00:00,0.0,0.0,0.0
2025-12-16 03:30:00+00:00,0.0,0.0,0.0
2025-12-16 03:40:00+00:00,0.0,0.0,0.0
2025-12-16 03:50:00+00:00,0.0,0.0,0.0
2025-12-16 04:00:00+00:00,0.0,0.0,0.0
2025-12-16 04:10:00+00:00,0.0,0.0,0.0
2025-12-16 04:20:00+00:00,0.0,0.0,0.0
2025-12-16 04:30:00+00:00,0.0,0.0,0.0
2025-12-16 04:40:00+00:00,0.0,0.0,0.0
2025-12-16 04:50:00+00:00,0.0,0.0,0.0
2025-12-16 05:00:00+00:00,0.0,0.0,0.0
2025-12-16 05:10:00+00:00,0.0,0.0,0.0
2025-12-16 05:20:00+00:00,0.0,0.0,0.0
2025-12-16 05:30:00+00:00,0.0,0.0,0.0
2025-12-16 05:40:00+00:00,0.0,0.0,0.0
2025-12-16 05:50:00+00:00,0.0,0.0,0.0
2025-12-16 06:00:00+00:00,0.0,0.0,0.0
2025-12-16 06:10:00+00:00,0.0,0.0,0.0
2025-12-16 06:20:00+00:00,0.0,0.0,0.0
2025-12-16 06:30:00+00:00,0.0,0.0,0.0
2025-12-16 06:40:00+00:00,0.0,0.0,0.0
2025-12-16 06:50:00+00:00,0.0,0.0,0.0
2025-12-16 07:00:00+00:00,0.0,0.0,0.0
2025-12-16 07:10:00+00:00,0.0,0.0,0.0
2025-12-16 07:20:00+00:00,0.0,0.0,0.0
2025-12-16 07:30:00+00:00,0.0,0.0,0.0
2025-12-16 07:40:00+00:00,0.0,0.0,0.0
2025-12-16 07:50:00+00:00,0.0,0.0,0.0
2025-12-16 08:00:00+00:00,0.0,0.0,0.0
2025-12-16 08:10:00+00:00,0.0,0.0,0.0
2025-12-16 08:20:00+00:00,0.0,0.0,0.0
2025-12-16 08:30:00+00:00,0.0,0.0,0.0
2025-12-16 08:40:00+00:00,0.0,0.0,0.0
2025-12-16 08:50:00+00:00,0.0,0.0,0.0
2025-12-16 09:00:00+00:00,0.0,0.0,0.0
2025-12-16 09:10:00+00:00,0.0,0.0,0.0
2025-12-16 09:20:00+00:00,0.0,0.0,0.0
2025-12-16 09:30:00+00:00,0.0,0.0,0.0
2025-12-16 09:40:00+00:00,0.0,0.0,0.0
2025-12-16 09:50:00+00:00,0.0,0.0,0.0
2025-12-16 10:00:00+00:00,0.0,0.0,0.0
2025-12-16 10:10:00+00:00,0.0,0.0,0.0
2025-12-16 10:20:00+00:00,0.0,0.0,0.0
2025-12-16 10:30:00+00:00,0.0,0.0,0.0
2025-12-16 10:40:00+00:00,0.0,0.0,0.0
2025-12-16 10:50:00+00:00,0.0,0.0,0.0
2025-12-16 11:00:00+00:00,0.0,0.0,0.0
2025-12-16 11:10:00+00:00,0.0,0.0,0.0
2025-12-16 11:20:00+00:00,0.0,0.0,0.0
2025-12-16 11:30:00+00:00,0.0,0.0,0.0
2025-12-16 11:40:00+00:00,0.0,0.0,0.0
2025-12-16 11:50:00+00:00,0.0,0.0,0.0
2025-12-16 12:00:00+00:00,0.0,0.0,0.0
2025-12-16 12:10:00+00:00,0.0,0.0,0.0
2025-12-16 12:20:00+00:00,0.0,0.0,0.0
2025-12-16 12:30:00+00:00,0.0,0.0,0.0
2025-12-16 12:40:00+00:00,0.0,0.0,0.0
2025-12-16 12:50:00+00:00,0.0,0.0,0.0
2025-12-16 13:00:00+00:00,0.0,0.0,0.0
2025-12-16 13:10:00+00:00,0.0,0.0,0.0
2025-12-16 13:20:00+00:00,0.0,0.0,0.0
2025-12-16 13:30:00+00:00,0.0,0.0,0.0
2025-12-16 13:40:00+00:00,0.0,0.0,0.0
2025-12-16 13:50:00+00:00,0.0,0.0,0.0
2025-12-16 14:00:00+00:00,0.0,0.0,0.0
2025-12-16 14:10:00+00:00,0.0,0.0,0.0
2025-12-16 14:20:00+00:00,0.0,0.0,0.0
2025-12-16 14:30:00+00:00,0.0,0.0,0.0
2025-12-16 14:40:00+00:00,0.0,0.0,0.0
2025-12-16 14:50:00+00:00,0.0,0.0,0.0
2025-12-16 15:00:00+00:00,0.0,0.0,0.0
2025-12-16 15:10:00+00:00,0.0,0.0,0.0
2025-12-16 15:20:00+00:00,0.0,0.0,0.0
2025-12-16 15:30:00+00:00,0.0,0.0,0.0
2025-12-16 15:40:00+00:00,0.0,0.0,0.0
2025-12-16 15:50:00+00:00,0.0,0.0,0.0
2025-12-16 16:00:00+00:00,0.0,0.0,0.0
2025-12-16 16:10:00+00:00,0.0,0.0,0.0
2025-12-16 16:20:00+00:00,0.0,0.0,0.0
2025-12-16 16:30:00+00:00,0.0,0.0,0.0
2025-12-16 16:40:00+00:00,0.0,0.0,0.0
2025-12-16 16:50:00+00:00,0.0,0.0,0.0
2025-12-16 17:00:00+00:00,0.0,0.0,0.0
2025-12-16 17:10:00+00:00,0.0,0.0,0.0
2025-12-16 17:20:00+00:00,0.0,0.0,0.0
2025-12-16 17:30:00+00:00,0.0,0.0,0.0
2025-12-16 17:40:00+00:00,0.0,0.0,0.0
2025-12-16 17:50:00+00:00,0.0,0.0,0.0
2025-12-16 18:00:00+00:00,0.0,0.0,0.0
2025-12-16 18:10:00+00:00,0.0,0.0,0.0
2025-12-16 18:20:00+00:00,0.0,0.0,0.0
2025-12-16 18:30:00+00:00,0.0,0.0,0.0
2025-12-16 18:40:00+00:00,0.0,0.0,0.0
2025-12-16 18:50:00+00:00,0.0,0.0,0.0
2025-12-16 19:00:00+00:00,0.0,0.0,0.0
2025-12-16 19:10:00+00:00,0.0,0.0,0.0
2025-12-16 19:20:00+00:00,0.0,0.0,0.0
2025-12-16 19:30:00+00:00,0.0,0.0,0.0
2025-12-16 19:40:00+00:00,0.0,0.0,0.0
2025-12-16 19:50:00+00:00,0.0,0.0,0.0
2025-12-16 20:00:00+00:00,0.0,0.0,0.0
2025-12-16 20:10:00+00:00,0.0,0.0,0.0
2025-12-16 20:20:00+00:00,0.0,0.0,0.0
2025-12-16 20:30:00+00:00,0.0,0.0,0.0
2025-12-16 20:40:00+00:00,0.0,0.0,0.0
2025-12-16 20:50:00+00:00,0.0,0.0,0.0
2025-12-16 21:00:00+00:00,0.0,0.0,0.0
2025-12-16 21:10:00+00:00,0.0,0.0,0.0
2025-12-16 21:20:00+00:00,0.0,0.0,0.0
2025-12-16 21:30:00+00:00,0.0,0.0,0.0
2025-12-16 21:40:00+00:00,0.0,0.0,0.0
2025-12-16 21:50:00+00:00,0.0,0.0,0.0
2025-12-16 22:00:00+00:00,0.0,0.0,0.0
2025-12-16 22:10:00+00:00,0.0,0.0,0.0
2025-12-16 22:20:00+00:00,0.0,0.0,0.0
2025-12-16 22:30:00+00:00,0.0,0.0,0.0
2025-12-16 22:40:00+00:00,0.0,0.0,0.0
2025-12-16 22:50:00+00:00,0.0,0.0,0.0
2025-12-16 23:00:00+00:00,0.0,0.0,0.0
2025-12-16 23:10:00+00:00,0.0,0.0,0.0
2025-12-16 23:20:00+00:00,0.0,0.0,0.0
2025-12-16 23:30:00+00:00,0.0,0.0,0.0
2025-12-16 23:40:00+00:00,0.0,0.0,0.0
2025-12-16 23:50:00+00:00,0.0,0.0,0.0
2025-12-17 00:00:00+00:00,0.0,0.0,0.0
2025-12-17 00:10:00+00:00,0.0,0.0,0.0
2025-12-17 00:20:00+00:00,0.0,0.0,0.0
2025-12-17 00:30:00+00:00,0.0,0.0,0.0
2025-12-17 00:40:00+00:00,0.0,0.0,0.0
2025-12-17 00:50:00+00:00,0.0,0.0,0.0
2025-12-17 01:00:00+00:00,0.0,0.0,0.0
2025-12-17 01:10:00+00:00,0.0,0.0,0.0
2025-12-17 01:20:00+00:00,0.0,0.0,0.0
2025-12-17 01:30:00+00:00,0.0,0.0,0.0
2025-12-17 01:40:00+00:00,0.0,0.0,0.0
2025-12-17 01:50:00+00:00,0.0,0.0,0.0
2025-12-17 02:00:00+00:00,0.0,0.0,0.0
2025-12-17 02:10:00+00:00,0.0,0.0,0.0
2025-12-17 02:20:00+00:00,0.0,0.0,0.0
2025-12-17 02:30:00+00:00,0.0,0.0,0.0
2025-12-17 02:40:00+00:00,0.0,0.0,0.0
2025-12-17 02:50:00+00:00,0.0,0.0,0.0
2025-12-17 03:00:00+00:00,0.0,0.0,0.0
2025-12-17 03:10:00+00:00,0.0,0.0,0.0
2025-12-17 03:20:00+00:00,0.0,0.0,0.0
2025-12-17 03:30:00+00:00,0.0,0.0,0.0
2025-12-17 03:40:00+00:00,0.0,0.0,0.0
2025-12-17 03:50:00+00:00,0.0,0.0,0.0
2025-12-17 04:00:00+00:00,0.0,0.0,0.0
2025-12-17 04:10:00+00:00,0.0,0.0,0.0
2025-12-17 04:20:00+00:00,0.0,0.0,0.0
2025-12-17 04:30:00+00:00,0.0,0.0,0.0
2025-12-17 04:40:00+00:00,0.0,0.0,0.0
2025-12-17 04:50:00+00:00,0.0,0.0,0.0
2025-12-17 05:00:00+00:00,0.0,0.0,0.0
2025-12-17 05:10:00+00:00,0.0,0.0,0.0
2025-12-17 05:20:00+00:00,0.0,0.0,0.0
2025-12-17 05:30:00+00:00,0.0,0.0,0.0
2025-12-17 05:40:00+00:00,0.0,0.0,0.0
2025-12-17 05:50:00+00:00,0.0,0.0,0.0
2025-12-17 06:00:00+00:00,0.0,0.0,0.0
2025-12-17 06:10:00+00:00,0.0,0.0,0.0
2025-12-17 06:20:00+00:00,0.0,0.0,0.0
2025-12-17 06:30:00+00:00,0.0,0.0,0.0
2025-12-17 06:40:00+00:00,0.0,0.0,0.0
2025-12-17 06:50:00+00:00,0.0,0.0,0.0
2025-12-17 07:00:00+00:00,0.0,0.0,0.0
2025-12-17 07:10:00+00:00,0.0,0.0,0.0
2025-12-17 07:20:00+00:00,0.0,0.0,0.0
2025-12-17 07:30:00+00:00,0.0,0.0,0.0
2025-12-17 07:40:00+00:00,0.0,0.0,0.0
2025-12-17 07:50:00+00:00,0.0,0.0,0.0
2025-12-17 08:00:00+00:00,0.0,0.0,0.0
2025-12-17 08:10:00+00:00,0.0,0.0,0.0
2025-12-17 08:20:00+00:00,0.0,0.0,0.0
2025-12-17 08:30:00+00:00,0.0,0.0,0.0
2025-12-17 08:40:00+00:00,0.0,0.0,0.0
2025-12-17 08:50:00+00:00,0.0,0.0,0.0
2025-12-17 09:00:00+00:00,0.0,0.0,0.0
2025-12-17 09:10:00+00:00,0.0,0.0,0.0
2025-12-17 09:20:00+00:00,0.0,0.0,0.0
2025-12-17 09:30:00+00:00,0.0,0.0,0.0
2025-12-17 09:40:00+00:00,0.0,0.0,0.0
2025-12-17 09:50:00+00:00,0.0,0.0,0.0
2025-12-17 10:00:00+00:00,0.0,0.0,0.0
2025-12-17 10:10:00+00:00,0.0,0.0,0.0
2025-12-17 10:20:00+00:00,0.0,0.0,0.0
2025-12-17 10:30:00+00:00,0.0,0.0,0.0
2025-12-17 10:40:00+00:00,0.0,0.0,0.0
2025-12-17 10:50:00+00:00,0.0,0.0,0.0
2025-12-17 11:00:00+00:00,0.0,0.0,0.0
2025-12-17 11:10:00+00:00,0.0,0.0,0.0
2025-12-17 11:20:00+00:00,0.0,0.0,0.0
2025-12-17 11:30:00+00:00,0.0,0.0,0.0
2025-12-17 11:40:00+00:00,0.0,0.0,0.0
2025-12-17 11:50:00+00:00,0.0,0.0,0.0
2025-12-17 12:00:00+00:00,0.0,0.0,0.0
2025-12-17 12:10:00+00:00,0.0,0.0,0.0
2025-12-17 12:20:00+00:00,0.0,0.0,0.0
2025-12-17 12:30:00+00:00,0.0,0.0,0.0
2025-12-17 12:40:00+00:00,0.0,0.0,0.0
2025-12-17 12:50:00+00:00,0.0,0.0,0.0
2025-12-17 13:00:00+00:00,0.0,0.0,0.0
2025-12-17 13:10:00+00:00,0.0,0.0,0.0
2025-12-17 13:20:00+00:00,0.0,0.0,0.0
2025-12-17 13:30:00+00:00,0.0,0.0,0.0
2025-12-17 13:40:00+00:00,0.0,0.0,0.0
2025-12-17 13:50:00+00:00,0.0,0.0,0.0
2025-12-17 14:00:00+00:00,0.0,0.0,0.0
2025-12-17 14:10:00+00:00,0.0,0.0,0.0
2025-12-17 14:20:00+00:00,0.0,0.0,0.0
2025-12-17 14:30:00+00:00,0.0,0.0,0.0
2025-12-17 14:40:00+00:00,0.0,0.0,0.0
2025-12-17 14:50:00+00:00,0.0,0.0,0.0
2025-12-17 15:00:00+00:00,0.0,0.0,0.0
2025-12-17 15:10:00+00:00,0.0,0.0,0.0
2025-12-17 15:20:00+00:00,0.0,0.0,0.0
2025-12-17 15:30:00+00:00,0.0,0.0,0.0
2025-12-17 15:40:00+00:00,0.0,0.0,0.0
2025-12-17 15:50:00+00:00,0.0,0.0,0.0
2025-12-17 16:00:00+00:00,0.0,0.0,0.0
2025-12-17 16:10:00+00:00,0.0,0.0,0.0
2025-12-17 16:20:00+00:00,0.0,0.0,0.0
2025-12-17 16:30:00+00:00,0.0,0.0,0.0
2025-12-17 16:40:00+00:00,0.0,0.0,0.0
2025-12-17 16:50:00+00:00,0.0,0.0,0.0
2025-12-17 17:00:00+00:00,0.0,0.0,0.0
2025-12-17 17:10:00+00:00,0.0,0.0,0.0
2025-12-17 17:20:00+00:00,0.0,0.0,0.0
2025-12-17 17:30:00+00:00,0.0,0.0,0.0
2025-12-17 17:40:00+00:00,0.0,0.0,0.0
2025-12-17 17:50:00+00:00,0.0,0.0,0.0
2025-12-17 18:00:00+00:00,0.0,0.0,0.0
2025-12-17 18:10:00+00:00,0.0,0.0,0.0
2025-12-17 18:20:00+00:00,0.0,0.0,0.0
2025-12-17 18:30:00+00:00,0.0,0.0,0.0
2025-12-17 18:40:00+00:00,0.0,0.0,0.0
2025-12-17 18:50:00+00:00,0.0,0.0,0.0
2025-12-17 19:00:00+00:00,0.0,0.0,0.0
2025-12-17 19:10:00+00:00,0.0,0.0,0.0
2025-12-17 19:20:00+00:00,0.0,0.0,0.0
2025-12-17 19:30:00+00:00,0.0,0.0,0.0
2025-12-17 19:40:00+00:00,0.0,0.0,0.0
2025-12-17 19:50:00+00:00,0.0,0.0,0.0
2025-12-17 20:00:00+00:00,0.0,0.0,0.0
2025-12-17 20:10:00+00:00,0.0,0.0,0.0
2025-12-17 20:20:00+00:00,0.0,0.0,0.0
2025-12-17 20:30:00+00:00,0.0,0.0,0.0
2025-12-17 20:40:00+00:00,0.0,0.0,0.0
2025-12-17 20:50:00+00:00,0.0,0.0,0.0
2025-12-17 21:00:00+00:00,0.0,0.0,0.0
2025-12-17 21:10:00+00:00,0.0,0.0,0.0
2025-12-17 21:20:00+00:00,0.0,0.0,0.0
2025-12-17 21:30:00+00:00,0.0,0.0,0.0
2025-12-17 21:40:00+00:00,0.0,0.0,0.0
2025-12-17 21:50:00+00:00,0.0,0.0,0.0
2025-12-17 22:00:00+00:00,0.0,0.0,0.0
2025-12-17 22:10:00+00:00,0.0,0.0,0.0
2025-12-17 22:20:00+00:00,0.0,0.0,0.0
2025-12-17 22:30:00+00:00,0.0,0.0,0.0
2025-12-17 22:40:00+00:00,0.0,0.0,0.0
2025-12-17 22:50:00+00:00,0.0,0.0,0.0
2025-12-17 23:00:00+00:00,0.0,0.0,0.0
2025-12-17 23:10:00+00:00,0.0,0.0,0.0
2025-12-17 23:20:00+00:00,0.0,0.0,0.0
2025-12-17 23:30:00+00:00,0.0,0.0,0.0
2025-12-17 23:40:00+00:00,0.0,0.0,0.0
2025-12-17 23:50:00+00:00,0.0,0.0,0.0
2025-12-18 00:00:00+00:00,0.0,0.0,0.0
2025-12-18 00:10:00+00:00,0.0,0.0,0.0
2025-12-18 00:20:00+00:00,0.0,0.0,0.0
2025-12-18 00:30:00+00:00,0.0,0.0,0.0
2025-12-18 00:40:00+00:00,0.0,0.0,0.0
2025-12-18 00:50:00+00:00,0.0,0.0,0.0
2025-12-18 01:00:00+00:00,0.0,0.0,0.0
2025-12-18 01:10:00+00:00,0.0,0.0,0.0
2025-12-18 01:20:00+00:00,0.0,0.0,0.0
2025-12-18 01:30:00+00:00,0.0,0.0,0.0
2025-12-18 01:40:00+00:00,0.0,0.0,0.0
2025-12-18 01:50:00+00:00,0.0,0.0,0.0
2025-12-18 02:00:00+00:00,0.0,0.0,0.0
2025-12-18 02:10:00+00:00,0.0,0.0,0.0
2025-12-18 02:20:00+00:00,0.0,0.0,0.0
2025-12-18 02:30:00+00:00,0.0,0.0,0.0
2025-12-18 02:40:00+00:00,0.0,0.0,0.0
2025-12-18 02:50:00+00:00,0.0,0.0,0.0
2025-12-18 03:00:00+00:00,0.0,0.0,0.0
2025-12-18 03:10:00+00:00,0.0,0.0,0.0
2025-12-18 03:20:00+00:00,0.0,0.0,0.0
2025-12-18 03:30:00+00:00,0.0,0.0,0.0
2025-12-18 03:40:00+00:00,0.0,0.0,0.0
2025-12-18 03:50:00+00:00,0.0,0.0,0.0
2025-12-18 04:00:00+00:00,0.0,0.0,0.0
2025-12-18 04:10:00+00:00,0.0,0.0,0.0
2025-12-18 04:20:00+00:00,0.0,0.0,0.0
2025-12-18 04:30:00+00:00,0.0,0.0,0.0
2025-12-18 04:40:00+00:00,0.0,0.0,0.0
2025-12-18 04:50:00+00:00,0.0,0.0,0.0
2025-12-18 05:00:00+00:00,2.2627666666666664,0.0,2.2627666666666664
2025-12-18 05:10:00+00:00,0.0,0.0,0.0
2025-12-18 05:20:00+00:00,0.0,0.0,0.0
2025-12-18 05:30:00+00:00,0.0,0.0,0.0
2025-12-18 05:40:00+00:00,0.0,0.0,0.0
2025-12-18 05:50:00+00:00,0.0,0.0,0.0
2025-12-18 06:00:00+00:00,0.0,0.0,0.0
2025-12-18 06:10:00+00:00,0.0,0.0,0.0
2025-12-18 06:20:00+00:00,0.0,0.0,0.0
2025-12-18 06:30:00+00:00,0.0,0.0,0.0
2025-12-18 06:40:00+00:00,0.0,0.0,0.0
2025-12-18 06:50:00+00:00,0.0,0.0,0.0
2025-12-18 07:00:00+00:00,0.0,0.0,0.0
2025-12-18 07:10:00+00:00,0.0,0.0,0.0
2025-12-18 07:20:00+00:00,0.0,0.0,0.0
2025-12-18 07:30:00+00:00,0.0,0.0,0.0
2025-12-18 07:40:00+00:00,0.0,0.0,0.0
2025-12-18 07:50:00+00:00,0.0,0.0,0.0
2025-12-18 08:00:00+00:00,0.0,0.0,0.0
2025-12-18 08:10:00+00:00,0.0,0.0,0.0
2025-12-18 08:20:00+00:00,0.0,0.0,0.0
2025-12-18 08:30:00+00:00,0.0,0.0,0.0
2025-12-18 08:40:00+00:00,0.0,0.0,0.0
2025-12-18 08:50:00+00:00,0.0,0.0,0.0
2025-12-18 09:00:00+00:00,0.0,0.0,0.0
2025-12-18 09:10:00+00:00,0.0,0.0,0.0
2025-12-18 09:20:00+00:00,0.0,0.0,0.0
2025-12-18 09:30:00+00:00,0.0,0.0,0.0
2025-12-18 09:40:00+00:00,0.0,0.0,0.0
2025-12-18 09:50:00+00:00,0.0,0.0,0.0
2025-12-18 10:00:00+00:00,0.0,0.0,0.0
2025-12-18 10:10:00+00:00,0.0,0.0,0.0
2025-12-18 10:20:00+00:00,0.0,0.0,0.0
2025-12-18 10:30:00+00:00,0.0,0.0,0.0
2025-12-18 10:40:00+00:00,0.0,0.0,0.0
2025-12-18 10:50:00+00:00,0.0,0.0,0.0
2025-12-18 11:00:00+00:00,0.0,0.0,0.0
2025-12-18 11:10:00+00:00,0.0,0.0,0.0
2025-12-18 11:20:00+00:00,0.0,0.0,0.0
2025-12-18 11:30:00+00:00,0.0,0.0,0.0
2025-12-18 11:40:00+00:00,0.0,0.0,0.0
2025-12-18 11:50:00+00:00,0.0,0.0,0.0
2025-12-18 12:00:00+00:00,0.0,0.0,0.0
2025-12-18 12:10:00+00:00,0.0,0.0,0.0
2025-12-18 12:20:00+00:00,0.0,0.0,0.0
2025-12-18 12:30:00+00:00,0.0,0.0,0.0
2025-12-18 12:40:00+00:00,0.0,0.0,0.0
2025-12-18 12:50:00+00:00,0.0,0.0,0.0
2025-12-18 13:00:00+00:00,0.0,0.0,0.0
2025-12-18 13:10:00+00:00,0.0,0.0,0.0
2025-12-18 13:20:00+00:00,0.0,0.0,0.0
2025-12-18 13:30:00+00:00,0.0,0.0,0.0
2025-12-18 13:40:00+00:00,0.0,0.0,0.0
2025-12-18 13:50:00+00:00,0.0,0.0,0.0
2025-12-18 14:00:00+00:00,0.0,0.0,0.0
2025-12-18 14:10:00+00:00,0.0,0.0,0.0
2025-12-18 14:20:00+00:00,0.0,0.0,0.0
2025-12-18 14:30:00+00:00,0.0,0.0,0.0
2025-12-18 14:40:00+00:00,0.0,0.0,0.0
2025-12-18 14:50:00+00:00,0.0,0.0,0.0
2025-12-18 15:00:00+00:00,0.0,0.0,0.0
2025-12-18 15:10:00+00:00,0.0,0.0,0.0
2025-12-18 15:20:00+00:00,0.0,0.0,0.0
2025-12-18 15:30:00+00:00,0.0,0.0,0.0
2025-12-18 15:40:00+00:00,0.0,0.0,0.0
2025-12-18 15:50:00+00:00,0.0,0.0,0.0
2025-12-18 16:00:00+00:00,0.0,0.0,0.0
2025-12-18 16:10:00+00:00,0.0,0.0,0.0
2025-12-18 16:20:00+00:00,0.0,0.0,0.0
2025-12-18 16:30:00+00:00,0.0,0.0,0.0
2025-12-18 16:40:00+00:00,0.0,0.0,0.0
2025-12-18 16:50:00+00:00,0.0,0.0,0.0
2025-12-18 17:00:00+00:00,0.0,0.0,0.0
2025-12-18 17:10:00+00:00,0.0,0.0,0.0
2025-12-18 17:20:00+00:00,0.0,0.0,0.0
2025-12-18 17:30:00+00:00,0.0,0.0,0.0
2025-12-18 17:40:00+00:00,0.0,0.0,0.0
2025-12-18 17:50:00+00:00,0.0,0.0,0.0
2025-12-18 18:00:00+00:00,0.0,0.0,0.0
2025-12-18 18:10:00+00:00,0.0,0.0,0.0
2025-12-18 18:20:00+00:00,0.0,0.0,0.0
2025-12-18 18:30:00+00:00,0.0,0.0,0.0
2025-12-18 18:40:00+00:00,0.0,0.0,0.0
2025-12-18 18:50:00+00:00,0.0,0.0,0.0
2025-12-18 19:00:00+00:00,0.0,0.0,0.0
2025-12-18 19:10:00+00:00,0.0,0.0,0.0
2025-12-18 19:20:00+00:00,0.0,0.0,0.0
2025-12-18 19:30:00+00:00,0.0,0.0,0.0
2025-12-18 19:40:00+00:00,0.0,0.0,0.0
2025-12-18 19:50:00+00:00,0.0,0.0,0.0
2025-12-18 20:00:00+00:00,0.0,0.0,0.0
2025-12-18 20:10:00+00:00,0.0,0.0,0.0
2025-12-18 20:20:00+00:00,0.0,0.0,0.0
2025-12-18 20:30:00+00:00,0.0,0.0,0.0
2025-12-18 20:40:00+00:00,0.0,0.0,0.0
2025-12-18 20:50:00+00:00,0.0,0.0,0.0
2025-12-18 21:00:00+00:00,0.0,0.0,0.0
2025-12-18 21:10:00+00:00,0.0,0.0,0.0
2025-12-18 21:20:00+00:00,0.0,0.0,0.0
2025-12-18 21:30:00+00:00,0.0,0.0,0.0
2025-12-18 21:40:00+00:00,0.0,0.0,0.0
2025-12-18 21:50:00+00:00,0.0,0.0,0.0
2025-12-18 22:00:00+00:00,0.0,0.0,0.0
2025-12-18 22:10:00+00:00,0.0,0.0,0.0
2025-12-18 22:20:00+00:00,0.0,0.0,0.0
2025-12-18 22:30:00+00:00,0.0,0.0,0.0
2025-12-18 22:40:00+00:00,0.0,0.0,0.0
2025-12-18 22:50:00+00:00,0.0,0.0,0.0
2025-12-18 23:00:00+00:00,0.0,0.0,0.0
2025-12-18 23:10:00+00:00,0.0,0.0,0.0
2025-12-18 23:20:00+00:00,0.0,0.0,0.0
2025-12-18 23:30:00+00:00,0.0,0.0,0.0
2025-12-18 23:40:00+00:00,0.0,0.0,0.0
2025-12-18 23:50:00+00:00,0.0,0.0,0.0
2025-12-19 00:00:00+00:00,0.0,0.0,0.0
2025-12-19 00:10:00+00:00,0.0,0.0,0.0
2025-12-19 00:20:00+00:00,0.0,0.0,0.0
2025-12-19 00:30:00+00:00,0.0,0.0,0.0
2025-12-19 00:40:00+00:00,0.0,0.0,0.0
2025-12-19 00:50:00+00:00,0.0,0.0,0.0
2025-12-19 01:00:00+00:00,0.0,0.0,0.0
2025-12-19 01:10:00+00:00,0.0,0.0,0.0
2025-12-19 01:20:00+00:00,0.0,0.0,0.0
2025-12-19 01:30:00+00:00,0.0,0.0,0.0
2025-12-19 01:40:00+00:00,0.0,0.0,0.0
2025-12-19 01:50:00+00:00,0.0,0.0,0.0
2025-12-19 02:00:00+00:00,0.0,0.0,0.0
2025-12-19 02:10:00+00:00,0.0,0.0,0.0
2025-12-19 02:20:00+00:00,0.0,0.0,0.0
2025-12-19 02:30:00+00:00,0.0,0.0,0.0
2025-12-19 02:40:00+00:00,0.0,0.0,0.0
2025-12-19 02:50:00+00:00,0.0,0.0,0.0
2025-12-19 03:00:00+00:00,0.0,0.0,0.0
2025-12-19 03:10:00+00:00,0.0,0.0,0.0
2025-12-19 03:20:00+00:00,0.0,0.0,0.0
2025-12-19 03:30:00+00:00,0.0,0.0,0.0
2025-12-19 03:40:00+00:00,0.0,0.0,0.0
2025-12-19 03:50:00+00:00,0.0,0.0,0.0
2025-12-19 04:00:00+00:00,0.0,0.0,0.0
2025-12-19 04:10:00+00:00,0.0,0.0,0.0
2025-12-19 04:20:00+00:00,0.0,0.0,0.0
2025-12-19 04:30:00+00:00,0.0,0.0,0.0
2025-12-19 04:40:00+00:00,0.0,0.0,0.0
2025-12-19 04:50:00+00:00,0.0,0.0,0.0
2025-12-19 05:00:00+00:00,0.0,0.0,0.0
2025-12-19 05:10:00+00:00,0.0,0.0,0.0
2025-12-19 05:20:00+00:00,0.0,0.0,0.0
2025-12-19 05:30:00+00:00,0.0,0.0,0.0
2025-12-19 05:40:00+00:00,0.0,0.0,0.0
2025-12-19 05:50:00+00:00,0.0,0.0,0.0
2025-12-19 06:00:00+00:00,0.0,0.0,0.0
2025-12-19 06:10:00+00:00,0.0,0.0,0.0
2025-12-19 06:20:00+00:00,0.0,0.0,0.0
2025-12-19 06:30:00+00:00,0.0,0.0,0.0
2025-12-19 06:40:00+00:00,0.0,0.0,0.0
2025-12-19 06:50:00+00:00,0.0,0.0,0.0
2025-12-19 07:00:00+00:00,0.0,0.0,0.0
2025-12-19 07:10:00+00:00,0.0,0.0,0.0
2025-12-19 07:20:00+00:00,0.0,0.0,0.0
2025-12-19 07:30:00+00:00,0.0,0.0,0.0
2025-12-19 07:40:00+00:00,0.0,0.0,0.0
2025-12-19 07:50:00+00:00,0.0,0.0,0.0
2025-12-19 08:00:00+00:00,0.0,0.0,0.0
2025-12-19 08:10:00+00:00,0.0,0.0,0.0
2025-12-19 08:20:00+00:00,0.0,0.0,0.0
2025-12-19 08:30:00+00:00,0.0,0.0,0.0
2025-12-19 08:40:00+00:00,0.0,0.0,0.0
2025-12-19 08:50:00+00:00,0.0,0.0,0.0
2025-12-19 09:00:00+00:00,0.0,0.0,0.0
2025-12-19 09:10:00+00:00,0.0,0.0,0.0
2025-12-19 09:20:00+00:00,0.0,0.0,0.0
2025-12-19 09:30:00+00:00,0.0,0.0,0.0
2025-12-19 09:40:00+00:00,0.0,0.0,0.0
2025-12-19 09:50:00+00:00,0.0,0.0,0.0
2025-12-19 10:00:00+00:00,0.0,0.0,0.0
2025-12-19 10:10:00+00:00,0.0,0.0,0.0
2025-12-19 10:20:00+00:00,0.0,0.0,0.0
2025-12-19 10:30:00+00:00,0.0,0.0,0.0
2025-12-19 10:40:00+00:00,0.0,0.0,0.0
2025-12-19 10:50:00+00:00,0.0,0.0,0.0
2025-12-19 11:00:00+00:00,0.0,0.0,0.0
2025-12-19 11:10:00+00:00,0.0,0.0,0.0
2025-12-19 11:20:00+00:00,0.0,0.0,0.0
2025-12-19 11:30:00+00:00,0.0,0.0,0.0
2025-12-19 11:40:00+00:00,0.0,0.0,0.0
2025-12-19 11:50:00+00:00,0.0,0.0,0.0
2025-12-19 12:00:00+00:00,0.0,0.0,0.0
2025-12-19 12:10:00+00:00,0.0,0.0,0.0
2025-12-19 12:20:00+00:00,0.0,0.0,0.0
2025-12-19 12:30:00+00:00,0.0,0.0,0.0
2025-12-19 12:40:00+00:00,0.0,0.0,0.0
2025-12-19 12:50:00+00:00,0.0,0.0,0.0
2025-12-19 13:00:00+00:00,0.0,0.0,0.0
2025-12-19 13:10:00+00:00,0.0,0.0,0.0
2025-12-19 13:20:00+00:00,0.0,0.0,0.0
2025-12-19 13:30:00+00:00,0.0,0.0,0.0
2025-12-19 13:40:00+00:00,0.0,0.0,0.0
2025-12-19 13:50:00+00:00,0.0,0.0,0.0
2025-12-19 14:00:00+00:00,0.0,0.0,0.0
2025-12-19 14:10:00+00:00,0.0,0.0,0.0
2025-12-19 14:20:00+00:00,0.0,0.0,0.0
2025-12-19 14:30:00+00:00,0.0,0.0,0.0
2025-12-19 14:40:00+00:00,0.0,0.0,0.0
2025-12-19 14:50:00+00:00,0.0,0.0,0.0
2025-12-19 15:00:00+00:00,0.0,0.0,0.0
2025-12-19 15:10:00+00:00,0.0,0.0,0.0
2025-12-19 15:20:00+00:00,0.0,0.0,0.0
2025-12-19 15:30:00+00:00,0.0,0.0,0.0
2025-12-19 15:40:00+00:00,0.0,0.0,0.0
2025-12-19 15:50:00+00:00,0.0,0.0,0.0
2025-12-19 16:00:00+00:00,0.0,0.0,0.0
2025-12-19 16:10:00+00:00,0.0,0.0,0.0
2025-12-19 16:20:00+00:00,0.0,0.0,0.0
2025-12-19 16:30:00+00:00,0.0,0.0,0.0
2025-12-19 16:40:00+00:00,0.0,0.0,0.0
2025-12-19 16:50:00+00:00,0.0,0.0,0.0
2025-12-19 17:00:00+00:00,0.0,0.0,0.0
2025-12-19 17:10:00+00:00,0.0,0.0,0.0
2025-12-19 17:20:00+00:00,0.0,0.0,0.0
2025-12-19 17:30:00+00:00,0.0,0.0,0.0
2025-12-19 17:40:00+00:00,0.0,0.0,0.0
2025-12-19 17:50:00+00:00,0.0,0.0,0.0
2025-12-19 18:00:00+00:00,0.0,0.0,0.0
2025-12-19 18:10:00+00:00,0.0,0.0,0.0
2025-12-19 18:20:00+00:00,0.0,0.0,0.0
2025-12-19 18:30:00+00:00,0.0,0.0,0.0
2025-12-19 18:40:00+00:00,0.0,0.0,0.0
2025-12-19 18:50:00+00:00,0.0,0.0,0.0
2025-12-19 19:00:00+00:00,0.0,0.0,0.0
2025-12-19 19:10:00+00:00,0.0,0.0,0.0
2025-12-19 19:20:00+00:00,0.0,0.0,0.0
2025-12-19 19:30:00+00:00,0.0,0.0,0.0
2025-12-19 19:40:00+00:00,0.0,0.0,0.0
2025-12-19 19:50:00+00:00,0.0,0.0,0.0
2025-12-19 20:00:00+00:00,0.0,0.0,0.0
2025-12-19 20:10:00+00:00,0.0,0.0,0.0
2025-12-19 20:20:00+00:00,0.0,0.0,0.0
2025-12-19 20:30:00+00:00,0.0,0.0,0.0
2025-12-19 20:40:00+00:00,0.0,0.0,0.0
2025-12-19 20:50:00+00:00,0.0,0.0,0.0
2025-12-19 21:00:00+00:00,0.0,0.0,0.0
2025-12-19 21:10:00+00:00,0.0,0.0,0.0
2025-12-19 21:20:00+00:00,0.0,0.0,0.0
2025-12-19 21:30:00+00:00,0.0,0.0,0.0
2025-12-19 21:40:00+00:00,0.0,0.0,0.0
2025-12-19 21:50:00+00:00,0.0,0.0,0.0
2025-12-19 22:00:00+00:00,0.0,0.0,0.0
2025-12-19 22:10:00+00:00,0.0,0.0,0.0
2025-12-19 22:20:00+00:00,0.0,0.0,0.0
2025-12-19 22:30:00+00:00,0.0,0.0,0.0
2025-12-19 22:40:00+00:00,0.0,0.0,0.0
2025-12-19 22:50:00+00:00,0.0,0.0,0.0
2025-12-19 23:00:00+00:00,0.0,0.0,0.0
2025-12-19 23:10:00+00:00,0.0,0.0,0.0
2025-12-19 23:20:00+00:00,0.0,0.0,0.0
2025-12-19 23:30:00+00:00,0.0,0.0,0.0
2025-12-19 23:40:00+00:00,0.0,0.0,0.0
2025-12-19 23:50:00+00:00,0.0,0.0,0.0
2025-12-20 00:00:00+00:00,0.0,0.0,0.0
2025-12-20 00:10:00+00:00,0.0,0.0,0.0
2025-12-20 00:20:00+00:00,0.0,0.0,0.0
2025-12-20 00:30:00+00:00,0.0,0.0,0.0
2025-12-20 00:40:00+00:00,0.0,0.0,0.0
2025-12-20 00:50:00+00:00,0.0,0.0,0.0
2025-12-20 01:00:00+00:00,0.0,0.0,0.0
2025-12-20 01:10:00+00:00,0.0,0.0,0.0
2025-12-20 01:20:00+00:00,0.0,0.0,0.0
2025-12-20 01:30:00+00:00,0.0,0.0,0.0
2025-12-20 01:40:00+00:00,0.0,0.0,0.0
2025-12-20 01:50:00+00:00,0.0,0.0,0.0
2025-12-20 02:00:00+00:00,0.0,0.0,0.0
2025-12-20 02:10:00+00:00,0.0,0.0,0.0
2025-12-20 02:20:00+00:00,0.0,0.0,0.0
2025-12-20 02:30:00+00:00,0.0,0.0,0.0
2025-12-20 02:40:00+00:00,0.0,0.0,0.0
2025-12-20 02:50:00+00:00,0.0,0.0,0.0
2025-12-20 03:00:00+00:00,0.0,0.0,0.0
2025-12-20 03:10:00+00:00,0.0,0.0,0.0
2025-12-20 03:20:00+00:00,0.0,0.0,0.0
2025-12-20 03:30:00+00:00,0.0,0.0,0.0
2025-12-20 03:40:00+00:00,0.0,0.0,0.0
2025-12-20 03:50:00+00:00,0.0,0.0,0.0
2025-12-20 04:00:00+00:00,0.0,0.0,0.0
2025-12-20 04:10:00+00:00,0.0,0.0,0.0
2025-12-20 04:20:00+00:00,0.0,0.0,0.0
2025-12-20 04:30:00+00:00,0.0,0.0,0.0
2025-12-20 04:40:00+00:00,0.0,0.0,0.0
2025-12-20 04:50:00+00:00,0.0,0.0,0.0
2025-12-20 05:00:00+00:00,0.0,0.0,0.0
2025-12-20 05:10:00+00:00,0.0,0.0,0.0
2025-12-20 05:20:00+00:00,0.0,0.0,0.0
2025-12-20 05:30:00+00:00,0.0,0.0,0.0
2025-12-20 05:40:00+00:00,0.0,0.0,0.0
2025-12-20 05:50:00+00:00,0.0,0.0,0.0
2025-12-20 06:00:00+00:00,0.0,0.0,0.0
2025-12-20 06:10:00+00:00,0.0,0.0,0.0
2025-12-20 06:20:00+00:00,0.0,0.0,0.0
2025-12-20 06:30:00+00:00,0.0,0.0,0.0
2025-12-20 06:40:00+00:00,0.0,0.0,0.0
2025-12-20 06:50:00+00:00,0.0,0.0,0.0
2025-12-20 07:00:00+00:00,0.0,0.0,0.0
2025-12-20 07:10:00+00:00,0.0,0.0,0.0
2025-12-20 07:20:00+00:00,0.0,0.0,0.0
2025-12-20 07:30:00+00:00,0.0,0.0,0.0
2025-12-20 07:40:00+00:00,0.0,0.0,0.0
2025-12-20 07:50:00+00:00,0.0,0.0,0.0
2025-12-20 08:00:00+00:00,0.0,0.0,0.0
2025-12-20 08:10:00+00:00,0.0,0.0,0.0
2025-12-20 08:20:00+00:00,0.0,0.0,0.0
2025-12-20 08:30:00+00:00,0.0,0.0,0.0
2025-12-20 08:40:00+00:00,0.0,0.0,0.0
2025-12-20 08:50:00+00:00,0.0,0.0,0.0
2025-12-20 09:00:00+00:00,0.0,0.0,0.0
2025-12-20 09:10:00+00:00,0.0,0.0,0.0
2025-12-20 09:20:00+00:00,0.0,0.0,0.0
2025-12-20 09:30:00+00:00,0.0,0.0,0.0
2025-12-20 09:40:00+00:00,0.0,0.0,0.0
2025-12-20 09:50:00+00:00,0.0,0.0,0.0
2025-12-20 10:00:00+00:00,0.0,0.0,0.0
2025-12-20 10:10:00+00:00,0.0,0.0,0.0
2025-12-20 10:20:00+00:00,0.0,0.0,0.0
2025-12-20 10:30:00+00:00,0.0,0.0,0.0
2025-12-20 10:40:00+00:00,0.0,0.0,0.0
2025-12-20 10:50:00+00:00,0.0,0.0,0.0
2025-12-20 11:00:00+00:00,0.0,0.0,0.0
2025-12-20 11:10:00+00:00,0.0,0.0,0.0
2025-12-20 11:20:00+00:00,0.0,0.0,0.0
2025-12-20 11:30:00+00:00,0.0,0.0,0.0
2025-12-20 11:40:00+00:00,0.0,0.0,0.0
2025-12-20 11:50:00+00:00,0.0,0.0,0.0
2025-12-20 12:00:00+00:00,0.0,0.0,0.0
2025-12-20 12:10:00+00:00,0.0,0.0,0.0
2025-12-20 12:20:00+00:00,0.0,0.0,0.0
2025-12-20 12:30:00+00:00,0.0,0.0,0.0
2025-12-20 12:40:00+00:00,0.0,0.0,0.0
2025-12-20 12:50:00+00:00,0.0,0.0,0.0
2025-12-20 13:00:00+00:00,0.0,0.0,0.0
2025-12-20 13:10:00+00:00,0.0,0.0,0.0
2025-12-20 13:20:00+00:00,0.0,0.0,0.0
2025-12-20 13:30:00+00:00,0.0,0.0,0.0
2025-12-20 13:40:00+00:00,0.0,0.0,0.0
2025-12-20 13:50:00+00:00,0.0,0.0,0.0
2025-12-20 14:00:00+00:00,0.0,0.0,0.0
2025-12-20 14:10:00+00:00,0.0,0.0,0.0
2025-12-20 14:20:00+00:00,0.0,0.0,0.0
2025-12-20 14:30:00+00:00,0.0,0.0,0.0
2025-12-20 14:40:00+00:00,0.0,0.0,0.0
2025-12-20 14:50:00+00:00,0.0,0.0,0.0
2025-12-20 15:00:00+00:00,0.0,0.0,0.0
2025-12-20 15:10:00+00:00,0.0,0.0,0.0
2025-12-20 15:20:00+00:00,0.0,0.0,0.0
2025-12-20 15:30:00+00:00,0.0,0.0,0.0
2025-12-20 15:40:00+00:00,0.0,0.0,0.0
2025-12-20 15:50:00+00:00,0.0,0.0,0.0
2025-12-20 16:00:00+00:00,0.0,0.0,0.0
2025-12-20 16:10:00+00:00,0.0,0.0,0.0
2025-12-20 16:20:00+00:00,0.0,0.0,0.0
2025-12-20 16:30:00+00:00,0.0,0.0,0.0
2025-12-20 16:40:00+00:00,0.0,0.0,0.0
2025-12-20 16:50:00+00:00,0.0,0.0,0.0
2025-12-20 17:00:00+00:00,0.0,0.0,0.0
2025-12-20 17:10:00+00:00,0.0,0.0,0.0
2025-12-20 17:20:00+00:00,0.0,0.0,0.0
2025-12-20 17:30:00+00:00,0.0,0.0,0.0
2025-12-20 17:40:00+00:00,0.0,0.0,0.0
2025-12-20 17:50:00+00:00,0.0,0.0,0.0
2025-12-20 18:00:00+00:00,0.0,0.0,0.0
2025-12-20 18:10:00+00:00,0.0,0.0,0.0
2025-12-20 18:20:00+00:00,0.0,0.0,0.0
2025-12-20 18:30:00+00:00,0.0,0.0,0.0
2025-12-20 18:40:00+00:00,0.0,0.0,0.0
2025-12-20 18:50:00+00:00,0.0,0.0,0.0
2025-12-20 19:00:00+00:00,0.0,0.0,0.0
2025-12-20 19:10:00+00:00,0.0,0.0,0.0
2025-12-20 19:20:00+00:00,0.0,0.0,0.0
2025-12-20 19:30:00+00:00,0.0,0.0,0.0
2025-12-20 19:40:00+00:00,0.0,0.0,0.0
2025-12-20 19:50:00+00:00,0.0,0.0,0.0
2025-12-20 20:00:00+00:00,0.0,0.0,0.0
2025-12-20 20:10:00+00:00,0.0,0.0,0.0
2025-12-20 20:20:00+00:00,0.0,0.0,0.0
2025-12-20 20:30:00+00:00,0.0,0.0,0.0
2025-12-20 20:40:00+00:00,0.0,0.0,0.0
2025-12-20 20:50:00+00:00,0.0,0.0,0.0
2025-12-20 21:00:00+00:00,0.0,0.0,0.0
2025-12-20 21:10:00+00:00,0.0,0.0,0.0
2025-12-20 21:20:00+00:00,0.0,0.0,0.0
2025-12-20 21:30:00+00:00,0.0,0.0,0.0
2025-12-20 21:40:00+00:00,0.0,0.0,0.0
2025-12-20 21:50:00+00:00,0.0,0.0,0.0
2025-12-20 22:00:00+00:00,0.0,0.0,0.0
2025-12-20 22:10:00+00:00,0.0,0.0,0.0
2025-12-20 22:20:00+00:00,0.0,0.0,0.0
2025-12-20 22:30:00+00:00,0.0,0.0,0.0
2025-12-20 22:40:00+00:00,0.0,0.0,0.0
2025-12-20 22:50:00+00:00,0.0,0.0,0.0
2025-12-20 23:00:00+00:00,0.0,0.0,0.0
2025-12-20 23:10:00+00:00,0.0,0.0,0.0
2025-12-20 23:20:00+00:00,0.0,0.0,0.0
2025-12-20 23:30:00+00:00,0.0,0.0,0.0
2025-12-20 23:40:00+00:00,0.0,0.0,0.0
2025-12-20 23:50:00+00:00,0.0,0.0,0.0
2025-12-21 00:00:00+00:00,0.0,0.0,0.0
2025-12-21 00:10:00+00:00,0.0,0.0,0.0
2025-12-21 00:20:00+00:00,0.0,0.0,0.0
2025-12-21 00:30:00+00:00,0.0,0.0,0.0
2025-12-21 00:40:00+00:00,0.0,0.0,0.0
2025-12-21 00:50:00+00:00,0.0,0.0,0.0
2025-12-21 01:00:00+00:00,0.0,0.0,0.0
2025-12-21 01:10:00+00:00,0.0,0.0,0.0
2025-12-21 01:20:00+00:00,0.0,0.0,0.0
2025-12-21 01:30:00+00:00,0.0,0.0,0.0
2025-12-21 01:40:00+00:00,0.0,0.0,0.0
2025-12-21 01:50:00+00:00,0.0,0.0,0.0
2025-12-21 02:00:00+00:00,0.0,0.0,0.0
2025-12-21 02:10:00+00:00,0.0,0.0,0.0
2025-12-21 02:20:00+00:00,0.0,0.0,0.0
2025-12-21 02:30:00+00:00,0.0,0.0,0.0
2025-12-21 02:40:00+00:00,0.0,0.0,0.0
2025-12-21 02:50:00+00:00,0.0,0.0,0.0
2025-12-21 03:00:00+00:00,34.714600000000004,0.0,34.714600000000004
2025-12-21 03:10:00+00:00,0.0,0.0,0.0
2025-12-21 03:20:00+00:00,0.0,0.0,0.0
2025-12-21 03:30:00+00:00,0.0,0.0,0.0
2025-12-21 03:40:00+00:00,0.0,0.0,0.0
2025-12-21 03:50:00+00:00,0.0,0.0,0.0
2025-12-21 04:00:00+00:00,0.9215666666666668,0.0,0.9215666666666668
2025-12-21 04:10:00+00:00,0.0,0.0,0.0
2025-12-21 04:20:00+00:00,0.0,0.0,0.0
2025-12-21 04:30:00+00:00,0.0,0.0,0.0
2025-12-21 04:40:00+00:00,0.0,0.0,0.0
2025-12-21 04:50:00+00:00,0.0,0.0,0.0
2025-12-21 05:00:00+00:00,0.0,0.0,0.0
2025-12-21 05:10:00+00:00,0.0,0.0,0.0
2025-12-21 05:20:00+00:00,0.0,0.0,0.0
2025-12-21 05:30:00+00:00,0.0,0.0,0.0
2025-12-21 05:40:00+00:00,0.0,0.0,0.0
2025-12-21 05:50:00+00:00,0.0,0.0,0.0
2025-12-21 06:00:00+00:00,0.0,0.0,0.0
2025-12-21 06:10:00+00:00,0.0,0.0,0.0
2025-12-21 06:20:00+00:00,0.0,0.0,0.0
2025-12-21 06:30:00+00:00,0.0,0.0,0.0
2025-12-21 06:40:00+00:00,0.0,0.0,0.0
2025-12-21 06:50:00+00:00,0.0,0.0,0.0
2025-12-21 07:00:00+00:00,0.0,0.0,0.0
2025-12-21 07:10:00+00:00,0.0,0.0,0.0
2025-12-21 07:20:00+00:00,0.0,0.0,0.0
2025-12-21 07:30:00+00:00,0.0,0.0,0.0
2025-12-21 07:40:00+00:00,0.0,0.0,0.0
2025-12-21 07:50:00+00:00,0.0,0.0,0.0
2025-12-21 08:00:00+00:00,0.0,0.0,0.0
2025-12-21 08:10:00+00:00,0.0,0.0,0.0
2025-12-21 08:20:00+00:00,0.0,0.0,0.0
2025-12-21 08:30:00+00:00,0.0,0.0,0.0
2025-12-21 08:40:00+00:00,0.0,0.0,0.0
2025-12-21 08:50:00+00:00,0.0,0.0,0.0
2025-12-21 09:00:00+00:00,0.0,0.0,0.0
2025-12-21 09:10:00+00:00,0.0,0.0,0.0
2025-12-21 09:20:00+00:00,0.0,0.0,0.0
2025-12-21 09:30:00+00:00,0.0,0.0,0.0
2025-12-21 09:40:00+00:00,0.0,0.0,0.0
2025-12-21 09:50:00+00:00,0.0,0.0,0.0
2025-12-21 10:00:00+00:00,0.0,0.0,0.0
2025-12-21 10:10:00+00:00,0.0,0.0,0.0
2025-12-21 10:20:00+00:00,0.0,0.0,0.0
2025-12-21 10:30:00+00:00,0.0,0.0,0.0
2025-12-21 10:40:00+00:00,0.0,0.0,0.0
2025-12-21 10:50:00+00:00,0.0,0.0,0.0
2025-12-21 11:00:00+00:00,0.0,0.0,0.0
2025-12-21 11:10:00+00:00,0.0,0.0,0.0
2025-12-21 11:20:00+00:00,0.0,0.0,0.0
2025-12-21 11:30:00+00:00,0.0,0.0,0.0
2025-12-21 11:40:00+00:00,0.0,0.0,0.0
2025-12-21 11:50:00+00:00,0.0,0.0,0.0
2025-12-21 12:00:00+00:00,0.0,0.0,0.0
2025-12-21 12:10:00+00:00,0.0,0.0,0.0
2025-12-21 12:20:00+00:00,0.0,0.0,0.0
2025-12-21 12:30:00+00:00,0.0,0.0,0.0
2025-12-21 12:40:00+00:00,0.0,0.0,0.0
2025-12-21 12:50:00+00:00,0.0,0.0,0.0
2025-12-21 13:00:00+00:00,0.0,0.0,0.0
2025-12-21 13:10:00+00:00,0.0,0.0,0.0
2025-12-21 13:20:00+00:00,0.0,0.0,0.0
2025-12-21 13:30:00+00:00,0.0,0.0,0.0
2025-12-21 13:40:00+00:00,0.0,0.0,0.0
2025-12-21 13:50:00+00:00,0.0,0.0,0.0
2025-12-21 14:00:00+00:00,0.0,0.0,0.0
2025-12-21 14:10:00+00:00,0.0,0.0,0.0
2025-12-21 14:20:00+00:00,0.0,0.0,0.0
2025-12-21 14:30:00+00:00,0.0,0.0,0.0
2025-12-21 14:40:00+00:00,0.0,0.0,0.0
2025-12-21 14:50:00+00:00,0.0,0.0,0.0
2025-12-21 15:00:00+00:00,0.0,0.0,0.0
2025-12-21 15:10:00+00:00,0.0,0.0,0.0
2025-12-21 15:20:00+00:00,0.0,0.0,0.0
2025-12-21 15:30:00+00:00,0.0,0.0,0.0
2025-12-21 15:40:00+00:00,0.0,0.0,0.0
2025-12-21 15:50:00+00:00,0.0,0.0,0.0
2025-12-21 16:00:00+00:00,0.0,0.0,0.0
2025-12-21 16:10:00+00:00,0.0,0.0,0.0
2025-12-21 16:20:00+00:00,0.0,0.0,0.0
2025-12-21 16:30:00+00:00,0.0,0.0,0.0
2025-12-21 16:40:00+00:00,0.0,0.0,0.0
2025-12-21 16:50:00+00:00,0.0,0.0,0.0
2025-12-21 17:00:00+00:00,0.0,0.0,0.0
2025-12-21 17:10:00+00:00,0.0,0.0,0.0
2025-12-21 17:20:00+00:00,0.0,0.0,0.0
2025-12-21 17:30:00+00:00,0.0,0.0,0.0
2025-12-21 17:40:00+00:00,0.0,0.0,0.0
2025-12-21 17:50:00+00:00,0.0,0.0,0.0
2025-12-21 18:00:00+00:00,0.0,0.0,0.0
2025-12-21 18:10:00+00:00,0.0,0.0,0.0
2025-12-21 18:20:00+00:00,0.0,0.0,0.0
2025-12-21 18:30:00+00:00,0.0,0.0,0.0
2025-12-21 18:40:00+00:00,0.0,0.0,0.0
2025-12-21 18:50:00+00:00,0.0,0.0,0.0
2025-12-21 19:00:00+00:00,0.0,0.0,0.0
2025-12-21 19:10:00+00:00,0.0,0.0,0.0
2025-12-21 19:20:00+00:00,0.0,0.0,0.0
2025-12-21 19:30:00+00:00,0.0,0.0,0.0
2025-12-21 19:40:00+00:00,0.0,0.0,0.0
2025-12-21 19:50:00+00:00,0.0,0.0,0.0
2025-12-21 20:00:00+00:00,0.0,0.0,0.0
2025-12-21 20:10:00+00:00,0.0,0.0,0.0
2025-12-21 20:20:00+00:00,0.0,0.0,0.0
2025-12-21 20:30:00+00:00,0.0,0.0,0.0
2025-12-21 20:40:00+00:00,0.0,0.0,0.0
2025-12-21 20:50:00+00:00,0.0,0.0,0.0
2025-12-21 21:00:00+00:00,0.0,0.0,0.0
2025-12-21 21:10:00+00:00,0.0,0.0,0.0
2025-12-21 21:20:00+00:00,0.0,0.0,0.0
2025-12-21 21:30:00+00:00,0.0,0.0,0.0
2025-12-21 21:40:00+00:00,0.0,0.0,0.0
2025-12-21 21:50:00+00:00,0.0,0.0,0.0
2025-12-21 22:00:00+00:00,0.0,0.0,0.0
2025-12-21 22:10:00+00:00,0.0,0.0,0.0
2025-12-21 22:20:00+00:00,0.0,0.0,0.0
2025-12-21 22:30:00+00:00,0.0,0.0,0.0
2025-12-21 22:40:00+00:00,0.0,0.0,0.0
2025-12-21 22:50:00+00:00,0.0,0.0,0.0
2025-12-21 23:00:00+00:00,0.0,0.0,0.0
2025-12-21 23:10:00+00:00,0.0,0.0,0.0
2025-12-21 23:20:00+00:00,0.0,0.0,0.0
2025-12-21 23:30:00+00:00,0.0,0.0,0.0
2025-12-21 23:40:00+00:00,0.0,0.0,0.0
2025-12-21 23:50:00+00:00,0.0,0.0,0.0
2025-12-22 00:00:00+00:00,0.0,0.0,0.0
2025-12-22 00:10:00+00:00,0.0,0.0,0.0
2025-12-22 00:20:00+00:00,0.0,0.0,0.0
2025-12-22 00:30:00+00:00,0.0,0.0,0.0
2025-12-22 00:40:00+00:00,0.0,0.0,0.0
2025-12-22 00:50:00+00:00,0.0,0.0,0.0
2025-12-22 01:00:00+00:00,0.0,0.0,0.0
2025-12-22 01:10:00+00:00,0.0,0.0,0.0
2025-12-22 01:20:00+00:00,0.0,0.0,0.0
2025-12-22 01:30:00+00:00,0.0,0.0,0.0
2025-12-22 01:40:00+00:00,0.0,0.0,0.0
2025-12-22 01:50:00+00:00,0.0,0.0,0.0
2025-12-22 02:00:00+00:00,18.29146666666667,0.0,18.29146666666667
2025-12-22 02:10:00+00:00,0.0,0.0,0.0
2025-12-22 02:20:00+00:00,0.0,0.0,0.0
2025-12-22 02:30:00+00:00,87.71246666666667,0.0,87.71246666666667
2025-12-22 02:40:00+00:00,0.0,0.0,0.0
2025-12-22 02:50:00+00:00,0.0,0.0,0.0
2025-12-22 03:00:00+00:00,0.0,0.0,0.0
2025-12-22 03:10:00+00:00,0.0,0.0,0.0
2025-12-22 03:20:00+00:00,0.0,0.0,0.0
2025-12-22 03:30:00+00:00,0.0,0.0,0.0
2025-12-22 03:40:00+00:00,0.0,0.0,0.0
2025-12-22 03:50:00+00:00,0.0,0.0,0.0
2025-12-22 04:00:00+00:00,3.6408333333333336,0.0,3.6408333333333336
2025-12-22 04:10:00+00:00,0.0,0.0,0.0
2025-12-22 04:20:00+00:00,0.0,0.0,0.0
2025-12-22 04:30:00+00:00,57.935999333333335,0.0,57.935999333333335
2025-12-22 04:40:00+00:00,0.0,0.0,0.0
2025-12-22 04:50:00+00:00,0.0,0.0,0.0
2025-12-22 05:00:00+00:00,16.412366666666667,0.0,16.412366666666667
2025-12-22 05:10:00+00:00,0.0,0.0,0.0
2025-12-22 05:20:00+00:00,0.0,0.0,0.0
2025-12-22 05:30:00+00:00,0.0,0.0,0.0
2025-12-22 05:40:00+00:00,0.0,0.0,0.0
2025-12-22 05:50:00+00:00,0.0,0.0,0.0
2025-12-22 06:00:00+00:00,0.0,0.0,0.0
2025-12-22 06:10:00+00:00,0.0,0.0,0.0
2025-12-22 06:20:00+00:00,0.0,0.0,0.0
2025-12-22 06:30:00+00:00,0.0,0.0,0.0
2025-12-22 06:40:00+00:00,0.0,0.0,0.0
2025-12-22 06:50:00+00:00,0.0,0.0,0.0
2025-12-22 07:00:00+00:00,0.0,0.0,0.0
2025-12-22 07:10:00+00:00,0.0,0.0,0.0
2025-12-22 07:20:00+00:00,0.0,0.0,0.0
2025-12-22 07:30:00+00:00,0.0,0.0,0.0
2025-12-22 07:40:00+00:00,0.0,0.0,0.0
2025-12-22 07:50:00+00:00,0.0,0.0,0.0
2025-12-22 08:00:00+00:00,0.0,0.0,0.0
2025-12-22 08:10:00+00:00,0.0,0.0,0.0
2025-12-22 08:20:00+00:00,0.0,0.0,0.0
2025-12-22 08:30:00+00:00,0.0,0.0,0.0
2025-12-22 08:40:00+00:00,0.0,0.0,0.0
2025-12-22 08:50:00+00:00,0.0,0.0,0.0
2025-12-22 09:00:00+00:00,3.7363999999999993,0.0,3.7363999999999993
2025-12-22 09:10:00+00:00,0.0,0.0,0.0
2025-12-22 09:20:00+00:00,0.0,0.0,0.0
2025-12-22 09:30:00+00:00,0.0,0.0,0.0
2025-12-22 09:40:00+00:00,0.0,0.0,0.0
2025-12-22 09:50:00+00:00,0.0,0.0,0.0
2025-12-22 10:00:00+00:00,0.0,0.0,0.0
2025-12-22 10:10:00+00:00,0.0,0.0,0.0
2025-12-22 10:20:00+00:00,0.0,0.0,0.0
2025-12-22 10:30:00+00:00,0.0,0.0,0.0
2025-12-22 10:40:00+00:00,0.0,0.0,0.0
2025-12-22 10:50:00+00:00,0.0,0.0,0.0
2025-12-22 11:00:00+00:00,0.0,0.0,0.0
2025-12-22 11:10:00+00:00,0.0,0.0,0.0
2025-12-22 11:20:00+00:00,0.0,0.0,0.0
2025-12-22 11:30:00+00:00,0.0,0.0,0.0
2025-12-22 11:40:00+00:00,0.0,0.0,0.0
2025-12-22 11:50:00+00:00,0.0,0.0,0.0
2025-12-22 12:00:00+00:00,0.0,0.0,0.0
2025-12-22 12:10:00+00:00,0.0,0.0,0.0
2025-12-22 12:20:00+00:00,0.0,0.0,0.0
2025-12-22 12:30:00+00:00,0.0,0.0,0.0
2025-12-22 12:40:00+00:00,0.0,0.0,0.0
2025-12-22 12:50:00+00:00,0.0,0.0,0.0
2025-12-22 13:00:00+00:00,0.0,0.0,0.0
2025-12-22 13:10:00+00:00,0.0,0.0,0.0
2025-12-22 13:20:00+00:00,0.0,0.0,0.0
2025-12-22 13:30:00+00:00,0.0,0.0,0.0
2025-12-22 13:40:00+00:00,0.0,0.0,0.0
2025-12-22 13:50:00+00:00,0.0,0.0,0.0
2025-12-22 14:00:00+00:00,0.0,0.0,0.0
2025-12-22 14:10:00+00:00,0.0,0.0,0.0
2025-12-22 14:20:00+00:00,0.0,0.0,0.0
2025-12-22 14:30:00+00:00,0.0,0.0,0.0
2025-12-22 14:40:00+00:00,0.0,0.0,0.0
2025-12-22 14:50:00+00:00,0.0,0.0,0.0
2025-12-22 15:00:00+00:00,0.0,0.0,0.0
2025-12-22 15:10:00+00:00,0.0,0.0,0.0
2025-12-22 15:20:00+00:00,0.0,0.0,0.0
2025-12-22 15:30:00+00:00,0.0,0.0,0.0
2025-12-22 15:40:00+00:00,0.0,0.0,0.0
2025-12-22 15:50:00+00:00,0.0,0.0,0.0
2025-12-22 16:00:00+00:00,0.0,0.0,0.0
2025-12-22 16:10:00+00:00,0.0,0.0,0.0
2025-12-22 16:20:00+00:00,0.0,0.0,0.0
2025-12-22 16:30:00+00:00,0.0,0.0,0.0
2025-12-22 16:40:00+00:00,0.0,0.0,0.0
2025-12-22 16:50:00+00:00,0.0,0.0,0.0
2025-12-22 17:00:00+00:00,0.0,0.0,0.0
2025-12-22 17:10:00+00:00,0.0,0.0,0.0
2025-12-22 17:20:00+00:00,0.0,0.0,0.0
2025-12-22 17:30:00+00:00,0.0,0.0,0.0
2025-12-22 17:40:00+00:00,0.0,0.0,0.0
2025-12-22 17:50:00+00:00,0.0,0.0,0.0
2025-12-22 18:00:00+00:00,0.0,0.0,0.0
2025-12-22 18:10:00+00:00,0.0,0.0,0.0
2025-12-22 18:20:00+00:00,0.0,0.0,0.0
2025-12-22 18:30:00+00:00,0.0,0.0,0.0
2025-12-22 18:40:00+00:00,0.0,0.0,0.0
2025-12-22 18:50:00+00:00,0.0,0.0,0.0
2025-12-22 19:00:00+00:00,0.0,0.0,0.0
2025-12-22 19:10:00+00:00,0.0,0.0,0.0
2025-12-22 19:20:00+00:00,0.0,0.0,0.0
2025-12-22 19:30:00+00:00,0.0,0.0,0.0
2025-12-22 19:40:00+00:00,0.0,0.0,0.0
2025-12-22 19:50:00+00:00,0.0,0.0,0.0
2025-12-22 20:00:00+00:00,0.0,0.0,0.0
2025-12-22 20:10:00+00:00,0.0,0.0,0.0
2025-12-22 20:20:00+00:00,0.0,0.0,0.0
2025-12-22 20:30:00+00:00,0.0,0.0,0.0
2025-12-22 20:40:00+00:00,0.0,0.0,0.0
2025-12-22 20:50:00+00:00,0.0,0.0,0.0
2025-12-22 21:00:00+00:00,0.0,0.0,0.0
2025-12-22 21:10:00+00:00,0.0,0.0,0.0
2025-12-22 21:20:00+00:00,0.0,0.0,0.0
2025-12-22 21:30:00+00:00,0.0,0.0,0.0
2025-12-22 21:40:00+00:00,0.0,0.0,0.0
2025-12-22 21:50:00+00:00,0.0,0.0,0.0
2025-12-22 22:00:00+00:00,0.0,0.0,0.0
2025-12-22 22:10:00+00:00,0.0,0.0,0.0
2025-12-22 22:20:00+00:00,0.0,0.0,0.0
2025-12-22 22:30:00+00:00,0.0,0.0,0.0
2025-12-22 22:40:00+00:00,,,
2025-12-22 23:00:00+00:00,0.0,0.0,0.0
2025-12-22 23:10:00+00:00,0.0,0.0,0.0
2025-12-22 23:20:00+00:00,0.0,0.0,0.0
2025-12-22 23:30:00+00:00,0.0,0.0,0.0
2025-12-22 23:40:00+00:00,0.0,0.0,0.0
2025-12-22 23:50:00+00:00,0.0,0.0,0.0
2025-12-23 00:00:00+00:00,0.0,0.0,0.0
2025-12-23 00:10:00+00:00,0.0,0.0,0.0
2025-12-23 00:20:00+00:00,0.0,0.0,0.0
2025-12-23 00:30:00+00:00,0.0,0.0,0.0
2025-12-23 00:40:00+00:00,0.0,0.0,0.0
2025-12-23 00:50:00+00:00,,,
2025-12-23 01:20:00+00:00,0.0,0.0,0.0
2025-12-23 01:30:00+00:00,0.0,0.0,0.0
2025-12-23 01:40:00+00:00,0.0,0.0,0.0
2025-12-23 01:50:00+00:00,0.0,0.0,0.0
2025-12-23 02:00:00+00:00,0.0,0.0,0.0
2025-12-23 02:10:00+00:00,0.0,0.0,0.0
2025-12-23 02:20:00+00:00,0.0,0.0,0.0
2025-12-23 02:30:00+00:00,65.04603333333333,0.0,65.04603333333333
2025-12-23 02:40:00+00:00,0.0,0.0,0.0
2025-12-23 02:50:00+00:00,0.0,0.0,0.0
2025-12-23 03:00:00+00:00,0.0,0.0,0.0
2025-12-23 03:10:00+00:00,0.0,0.0,0.0
2025-12-23 03:20:00+00:00,0.0,0.0,0.0
2025-12-23 03:30:00+00:00,,,
2025-12-23 03:40:00+00:00,,,
