Manually-Verified Phonic Group	peak_frequency_time_SPECTROGRAM	peak_frequency_SPECTROGRAM	peak_frequency_WELCH	SNR	Begin Time (s)	End Time (s)	Low Freq (Hz)	High Freq (Hz)	class	class_prob	det_prob	individual	Annotation	sampling_rate	input_file	Selection	View	Channel
LF	0.9022	18750.0	19200.0	12.459551666423966	0.9005	0.9133	17734	24233	Nyctalus noctula	0.028	0.044	-1	Echolocation	192000	/home/adkris/Documents/mila-human-wav-txt/20220826_070000.WAV	1	Waveform 1	1
LF	18.521633333333337	15000.0	15360.0	15.403352127397495	18.5195	18.5272	13437	24271	Plecotus auritus	0.008	0.03	-1	Echolocation	192000	/home/adkris/Documents/mila-human-wav-txt/20220826_070000.WAV	2	Waveform 1	1
LF	45.275400000000005	19500.0	20160.0	13.140798847004731	45.2725	45.2806	16875	25105	Plecotus austriacus	0.029	0.059	-1	Echolocation	192000	/home/adkris/Documents/mila-human-wav-txt/20220826_070000.WAV	3	Waveform 1	1
LF	50.625	20250.0	20160.0	11.459474634414926	50.6235	50.633	18593	23961	Plecotus austriacus	0.03	0.074	-1	Echolocation	192000	/home/adkris/Documents/mila-human-wav-txt/20220826_070000.WAV	4	Waveform 1	1
LF	58.04253333333333	21000.0	21120.0	13.717975856768383	58.0385	58.047799999999995	18593	25021	Plecotus austriacus	0.041	0.089	-1	Echolocation	192000	/home/adkris/Documents/mila-human-wav-txt/20220826_070000.WAV	5	Waveform 1	1
LF	91.772	21000.0	21120.0	18.233963668308416	91.7695	91.778	18593	24984	Plecotus austriacus	0.054	0.093	-1	Echolocation	192000	/home/adkris/Documents/mila-human-wav-txt/20220826_070000.WAV	6	Waveform 1	1
LF	97.47923333333333	18750.0	20160.0	11.882659189189075	97.4775	97.4891	16875	22489	Nyctalus noctula	0.023	0.04	-1	Echolocation	192000	/home/adkris/Documents/mila-human-wav-txt/20220826_070000.WAV	7	Waveform 1	1
LF	101.98423333333334	20250.0	20160.0	10.77083897219	101.9825	101.9906	15156	26540	Plecotus auritus	0.023	0.037	-1	Echolocation	192000	/home/adkris/Documents/mila-human-wav-txt/20220826_070000.WAV	8	Waveform 1	1
LF	102.29463333333334	20250.0	22080.0	12.498038088844188	102.2935	102.3022	19453	24596	Plecotus austriacus	0.039	0.085	-1	Echolocation	192000	/home/adkris/Documents/mila-human-wav-txt/20220826_070000.WAV	9	Waveform 1	1
LF	112.42736666666669	21000.0	21120.0	10.491570238025652	112.4255	112.4323	17734	27277	Plecotus austriacus	0.06	0.081	-1	Echolocation	192000	/home/adkris/Documents/mila-human-wav-txt/20220826_070000.WAV	10	Waveform 1	1
LF	115.96336666666669	21000.0	22080.0	11.129131684226454	115.9625	115.9668	15156	34823	Plecotus auritus	0.027	0.056	-1	Echolocation	192000	/home/adkris/Documents/mila-human-wav-txt/20220826_070000.WAV	11	Waveform 1	1
LF	122.06806666666668	18750.0	20160.0	15.23824336443078	122.0655	122.0751	17734	24137	Plecotus austriacus	0.037	0.068	-1	Echolocation	192000	/home/adkris/Documents/mila-human-wav-txt/20220826_070000.WAV	12	Waveform 1	1
LF	132.7139	22500.0	21120.0	10.61126277474909	132.7035	132.7181	19453	23694	Nyctalus noctula	0.022	0.041	-1	Echolocation	192000	/home/adkris/Documents/mila-human-wav-txt/20220826_070000.WAV	13	Waveform 1	1
LF	133.59613333333334	21750.0	21120.0	10.107449916686214	133.5945	133.6027	17734	25930	Plecotus austriacus	0.051	0.079	-1	Echolocation	192000	/home/adkris/Documents/mila-human-wav-txt/20220826_070000.WAV	14	Waveform 1	1
LF	136.78526666666667	14250.0	14400.0	17.038960786855803	136.7825	136.7919	13437	17197	Nyctalus leisleri	0.014	0.031	-1	Echolocation	192000	/home/adkris/Documents/mila-human-wav-txt/20220826_070000.WAV	15	Waveform 1	1
LF	149.69146666666666	20250.0	21120.0	10.811002966959771	149.6885	149.6977	19453	26495	Plecotus austriacus	0.048	0.086	-1	Echolocation	192000	/home/adkris/Documents/mila-human-wav-txt/20220826_070000.WAV	16	Waveform 1	1
LF	170.3944	20250.0	20160.0	15.972449471032837	170.39249999999998	170.3981	16015	34125	Plecotus austriacus	0.055	0.092	-1	Echolocation	192000	/home/adkris/Documents/mila-human-wav-txt/20220826_070000.WAV	17	Waveform 1	1
LF	170.80696666666665	21000.0	21120.0	19.458049846248752	170.8045	170.8107	16875	32183	Plecotus austriacus	0.056	0.081	-1	Echolocation	192000	/home/adkris/Documents/mila-human-wav-txt/20220826_070000.WAV	18	Waveform 1	1
LF	207.56193333333337	19500.0	20160.0	15.973011908637943	207.5595	207.5669	17734	29073	Plecotus austriacus	0.051	0.072	-1	Echolocation	192000	/home/adkris/Documents/mila-human-wav-txt/20220826_070000.WAV	19	Waveform 1	1
LF	212.43973333333332	21000.0	21120.0	12.256163376822055	212.4385	212.4506	20312	24586	Nyctalus leisleri	0.02	0.043	-1	Echolocation	192000	/home/adkris/Documents/mila-human-wav-txt/20220826_070000.WAV	20	Waveform 1	1
LF	224.90976666666663	20250.0	20160.0	11.316636304615024	224.9055	224.9169	18593	24532	Nyctalus noctula	0.024	0.066	-1	Echolocation	192000	/home/adkris/Documents/mila-human-wav-txt/20220826_070000.WAV	21	Waveform 1	1
LF	237.23433333333332	21000.0	21120.0	19.523142068494018	237.2335	237.2425	17734	24945	Plecotus austriacus	0.023	0.046	-1	Echolocation	192000	/home/adkris/Documents/mila-human-wav-txt/20220826_070000.WAV	22	Waveform 1	1
LF	256.6731	20250.0	20160.0	11.778208569031534	256.6715	256.6809	18593	24211	Plecotus austriacus	0.015	0.032	-1	Echolocation	192000	/home/adkris/Documents/mila-human-wav-txt/20220826_070000.WAV	23	Waveform 1	1
LF	259.9560333333333	18750.0	19200.0	12.751913190278344	259.9505	259.9653	17734	23879	Nyctalus noctula	0.032	0.05	-1	Echolocation	192000	/home/adkris/Documents/mila-human-wav-txt/20220826_070000.WAV	24	Waveform 1	1
LF	274.26913333333334	21000.0	21120.0	11.36365641957675	274.2645	274.2732	19453	27232	Plecotus austriacus	0.05	0.097	-1	Echolocation	192000	/home/adkris/Documents/mila-human-wav-txt/20220826_070000.WAV	25	Waveform 1	1
LF	274.38166666666666	21000.0	22080.0	15.487434926860832	274.3775	274.389	18593	23804	Nyctalus noctula	0.029	0.08	-1	Echolocation	192000	/home/adkris/Documents/mila-human-wav-txt/20220826_070000.WAV	26	Waveform 1	1
LF	279.10336666666666	20250.0	21120.0	14.147856359368678	279.1015	279.1083	16875	30088	Plecotus austriacus	0.021	0.031	-1	Echolocation	192000	/home/adkris/Documents/mila-human-wav-txt/20220826_070000.WAV	27	Waveform 1	1
LF	285.0062	19500.0	20160.0	19.434575940286063	285.0045	285.0173	18593	24223	Nyctalus noctula	0.042	0.068	-1	Echolocation	192000	/home/adkris/Documents/mila-human-wav-txt/20220826_070000.WAV	28	Waveform 1	1
LF	294.3996666666667	19500.0	20160.0	15.81833044751954	294.3945	294.405	18593	24236	Plecotus austriacus	0.026	0.075	-1	Echolocation	192000	/home/adkris/Documents/mila-human-wav-txt/20220826_070000.WAV	29	Waveform 1	1
LF	294.9967	19500.0	20160.0	12.917187267562335	294.9955	295.0053	16015	21929	Nyctalus noctula	0.028	0.05	-1	Echolocation	192000	/home/adkris/Documents/mila-human-wav-txt/20220826_070000.WAV	30	Waveform 1	1
LF	328.9185	21000.0	21120.0	11.787722205901463	328.9135	328.923	18593	24704	Plecotus austriacus	0.02	0.053	-1	Echolocation	192000	/home/adkris/Documents/mila-human-wav-txt/20220826_070000.WAV	31	Waveform 1	1
LF	329.7106	19500.0	19200.0	13.502626419474	329.7095	329.7194	16875	22948	Plecotus austriacus	0.018	0.041	-1	Echolocation	192000	/home/adkris/Documents/mila-human-wav-txt/20220826_070000.WAV	32	Waveform 1	1
LF	357.25093333333336	21750.0	22080.0	10.009503270122035	357.2495	357.2579	20312	26002	Plecotus austriacus	0.03	0.083	-1	Echolocation	192000	/home/adkris/Documents/mila-human-wav-txt/20220826_070000.WAV	33	Waveform 1	1
LF	382.8368	21000.0	22080.0	11.436400177955456	382.8325	382.8427	18593	24126	Plecotus austriacus	0.026	0.067	-1	Echolocation	192000	/home/adkris/Documents/mila-human-wav-txt/20220826_070000.WAV	34	Waveform 1	1
LF	387.0541333333333	21000.0	21120.0	11.894520024162317	387.0525	387.0607	17734	26092	Plecotus austriacus	0.055	0.08	-1	Echolocation	192000	/home/adkris/Documents/mila-human-wav-txt/20220826_070000.WAV	35	Waveform 1	1
LF	444.97723333333334	21750.0	22080.0	11.36541885094747	444.9725	444.9811	20312	27712	Plecotus austriacus	0.032	0.099	-1	Echolocation	192000	/home/adkris/Documents/mila-human-wav-txt/20220826_070000.WAV	36	Waveform 1	1
LF	449.3736	20250.0	20160.0	10.867736591415548	449.3725	449.3789	14296	28550	Plecotus auritus	0.035	0.053	-1	Echolocation	192000	/home/adkris/Documents/mila-human-wav-txt/20220826_070000.WAV	37	Waveform 1	1
LF	455.3697	20250.0	20160.0	13.064112381425756	455.3675	455.3763	18593	25008	Plecotus austriacus	0.041	0.096	-1	Echolocation	192000	/home/adkris/Documents/mila-human-wav-txt/20220826_070000.WAV	38	Waveform 1	1
LF	465.6134333333333	20250.0	20160.0	14.453511890021923	465.6085	465.6204	18593	23610	Nyctalus noctula	0.018	0.049	-1	Echolocation	192000	/home/adkris/Documents/mila-human-wav-txt/20220826_070000.WAV	39	Waveform 1	1
LF	479.0189	21000.0	21120.0	10.361976686450042	479.0145	479.0246	18593	24106	Plecotus austriacus	0.022	0.055	-1	Echolocation	192000	/home/adkris/Documents/mila-human-wav-txt/20220826_070000.WAV	40	Waveform 1	1
LF	491.62826666666666	20250.0	20160.0	13.005775895211936	491.6245	491.6329	17734	25883	Plecotus austriacus	0.05	0.084	-1	Echolocation	192000	/home/adkris/Documents/mila-human-wav-txt/20220826_070000.WAV	41	Waveform 1	1
LF	500.9557	20250.0	20160.0	11.180554512216732	500.9505	500.9598	19453	25192	Plecotus austriacus	0.024	0.064	-1	Echolocation	192000	/home/adkris/Documents/mila-human-wav-txt/20220826_070000.WAV	42	Waveform 1	1
LF	507.2253	19500.0	20160.0	13.84331836913438	507.2205	507.2302	18593	24310	Plecotus austriacus	0.04	0.092	-1	Echolocation	192000	/home/adkris/Documents/mila-human-wav-txt/20220826_070000.WAV	43	Waveform 1	1
LF	531.8451	19500.0	20160.0	10.0390004653688	531.8405	531.8504	18593	24665	Plecotus austriacus	0.04	0.094	-1	Echolocation	192000	/home/adkris/Documents/mila-human-wav-txt/20220826_070000.WAV	44	Waveform 1	1
LF	538.0345333333333	21000.0	21120.0	11.200061903450916	538.0335	538.0423	19453	24417	Plecotus austriacus	0.023	0.051	-1	Echolocation	192000	/home/adkris/Documents/mila-human-wav-txt/20220826_070000.WAV	45	Waveform 1	1
LF	555.5304333333333	20250.0	20160.0	13.885392523857051	555.5265	555.5359	18593	24178	Plecotus austriacus	0.035	0.094	-1	Echolocation	192000	/home/adkris/Documents/mila-human-wav-txt/20220826_070000.WAV	46	Waveform 1	1
LF	556.0134	21750.0	22080.0	13.511324245743404	556.0085	556.0181	19453	25566	Plecotus austriacus	0.028	0.081	-1	Echolocation	192000	/home/adkris/Documents/mila-human-wav-txt/20220826_070000.WAV	47	Waveform 1	1
LF	559.5817666666667	19500.0	20160.0	12.36048411651536	559.5795	559.5859	15156	27903	Plecotus auritus	0.072	0.098	-1	Echolocation	192000	/home/adkris/Documents/mila-human-wav-txt/20220826_070000.WAV	48	Waveform 1	1
LF	568.7899666666667	19500.0	20160.0	13.667630604454596	568.7885	568.7957	13437	27118	Plecotus auritus	0.019	0.029	-1	Echolocation	192000	/home/adkris/Documents/mila-human-wav-txt/20220826_070000.WAV	49	Waveform 1	1
LF	577.2928	20250.0	20160.0	11.041098143921378	577.2895	577.2972	16875	26135	Plecotus austriacus	0.048	0.095	-1	Echolocation	192000	/home/adkris/Documents/mila-human-wav-txt/20220826_070000.WAV	50	Waveform 1	1
LF	602.7073333333333	20250.0	20160.0	12.468663134440982	602.7055	602.7135	16875	24980	Plecotus austriacus	0.045	0.072	-1	Echolocation	192000	/home/adkris/Documents/mila-human-wav-txt/20220826_070000.WAV	51	Waveform 1	1
LF	612.2903333333334	20250.0	20160.0	13.949335296047956	612.2885	612.2965	17734	26508	Plecotus austriacus	0.064	0.099	-1	Echolocation	192000	/home/adkris/Documents/mila-human-wav-txt/20220826_070000.WAV	52	Waveform 1	1
LF	639.6961333333334	21000.0	22080.0	11.288770831943086	639.6945	639.7027	18593	26777	Plecotus austriacus	0.066	0.098	-1	Echolocation	192000	/home/adkris/Documents/mila-human-wav-txt/20220826_070000.WAV	53	Waveform 1	1
LF	646.3855	20250.0	20160.0	10.746901480466091	646.3815	646.3955	17734	22758	Nyctalus noctula	0.038	0.061	-1	Echolocation	192000	/home/adkris/Documents/mila-human-wav-txt/20220826_070000.WAV	54	Waveform 1	1
LF	650.3591	21750.0	22080.0	10.522076182112489	650.3575	650.3634	16875	30772	Plecotus austriacus	0.036	0.048	-1	Echolocation	192000	/home/adkris/Documents/mila-human-wav-txt/20220826_070000.WAV	55	Waveform 1	1
LF	656.0126	20250.0	20160.0	10.076663543753613	656.0115	656.0179	13437	27231	Plecotus auritus	0.024	0.027	-1	Echolocation	192000	/home/adkris/Documents/mila-human-wav-txt/20220826_070000.WAV	56	Waveform 1	1
LF	668.8453333333333	21000.0	21120.0	11.4675860216044	668.8435	668.8515	18593	25975	Plecotus austriacus	0.063	0.1	-1	Echolocation	192000	/home/adkris/Documents/mila-human-wav-txt/20220826_070000.WAV	57	Waveform 1	1
LF	682.2757333333334	21000.0	21120.0	12.468043610502493	682.2725	682.2826	18593	24664	Plecotus austriacus	0.037	0.071	-1	Echolocation	192000	/home/adkris/Documents/mila-human-wav-txt/20220826_070000.WAV	58	Waveform 1	1
LF	695.3895	20250.0	20160.0	12.96135030452817	695.3885	695.402	17734	22955	Nyctalus noctula	0.048	0.07	-1	Echolocation	192000	/home/adkris/Documents/mila-human-wav-txt/20220826_070000.WAV	59	Waveform 1	1
LF	696.8426333333333	21000.0	22080.0	11.468117982668044	696.8415	696.8537	21171	24772	Nyctalus leisleri	0.018	0.038	-1	Echolocation	192000	/home/adkris/Documents/mila-human-wav-txt/20220826_070000.WAV	60	Waveform 1	1
LF	700.4208	20250.0	20160.0	12.916755015902543	700.4165	700.4267	18593	24872	Plecotus austriacus	0.034	0.094	-1	Echolocation	192000	/home/adkris/Documents/mila-human-wav-txt/20220826_070000.WAV	61	Waveform 1	1
LF	706.9009	21750.0	22080.0	10.609801056378728	706.8975	706.9086	19453	24538	Plecotus austriacus	0.017	0.05	-1	Echolocation	192000	/home/adkris/Documents/mila-human-wav-txt/20220826_070000.WAV	62	Waveform 1	1
LF	710.5058	21000.0	21120.0	11.949371914581842	710.5035	710.5122	18593	26025	Plecotus austriacus	0.041	0.066	-1	Echolocation	192000	/home/adkris/Documents/mila-human-wav-txt/20220826_070000.WAV	63	Waveform 1	1
LF	711.1075	21000.0	21120.0	10.181739417838804	711.1065	711.113	15156	33886	Plecotus auritus	0.012	0.025	-1	Echolocation	192000	/home/adkris/Documents/mila-human-wav-txt/20220826_070000.WAV	64	Waveform 1	1
LF	712.8947000000001	19500.0	19200.0	12.667266368281243	712.8935	712.8998	14296	29286	Plecotus auritus	0.02	0.029	-1	Echolocation	192000	/home/adkris/Documents/mila-human-wav-txt/20220826_070000.WAV	65	Waveform 1	1
LF	716.8195	18750.0	20160.0	13.255736613555074	716.8175	716.8265	18593	25832	Plecotus austriacus	0.042	0.073	-1	Echolocation	192000	/home/adkris/Documents/mila-human-wav-txt/20220826_070000.WAV	66	Waveform 1	1
LF	721.5393	20250.0	21120.0	11.348188734111844	721.5355	721.5462	18593	23690	Plecotus austriacus	0.019	0.058	-1	Echolocation	192000	/home/adkris/Documents/mila-human-wav-txt/20220826_070000.WAV	67	Waveform 1	1
LF	732.8354	17250.0	20160.0	10.104045997493888	732.8335	732.8426	16015	22675	Plecotus austriacus	0.016	0.035	-1	Echolocation	192000	/home/adkris/Documents/mila-human-wav-txt/20220826_070000.WAV	68	Waveform 1	1
LF	738.0599	21750.0	22080.0	19.82263100854758	738.0585	738.0681	21171	23752	Nyctalus leisleri	0.04	0.065	-1	Echolocation	192000	/home/adkris/Documents/mila-human-wav-txt/20220826_070000.WAV	69	Waveform 1	1
LF	746.0493	21000.0	20160.0	17.92812651476612	746.0475	746.0567	18593	24370	Plecotus austriacus	0.04	0.088	-1	Echolocation	192000	/home/adkris/Documents/mila-human-wav-txt/20220826_070000.WAV	70	Waveform 1	1
LF	752.1898	19500.0	20160.0	14.084114937293442	752.1885	752.1947	14296	30167	Plecotus auritus	0.037	0.054	-1	Echolocation	192000	/home/adkris/Documents/mila-human-wav-txt/20220826_070000.WAV	71	Waveform 1	1
LF	766.3887666666667	21750.0	22080.0	12.00895359499273	766.3845	766.3924	17734	29627	Plecotus austriacus	0.03	0.049	-1	Echolocation	192000	/home/adkris/Documents/mila-human-wav-txt/20220826_070000.WAV	72	Waveform 1	1
LF	767.9192	20250.0	20160.0	15.326340492579424	767.9125	767.9308	20312	24968	Nyctalus noctula	0.019	0.031	-1	Echolocation	192000	/home/adkris/Documents/mila-human-wav-txt/20220826_070000.WAV	73	Waveform 1	1
LF	773.0911333333333	21000.0	22080.0	16.494480492682055	773.0905	773.0997	22031	24727	Nyctalus leisleri	0.036	0.056	-1	Echolocation	192000	/home/adkris/Documents/mila-human-wav-txt/20220826_070000.WAV	74	Waveform 1	1
LF	777.0746333333333	21750.0	22080.0	11.000455636936268	777.0705	777.0797	18593	25026	Plecotus austriacus	0.043	0.1	-1	Echolocation	192000	/home/adkris/Documents/mila-human-wav-txt/20220826_070000.WAV	75	Waveform 1	1
LF	782.6663	22500.0	22080.0	11.794258511395135	782.6645	782.6702	16875	32141	Plecotus austriacus	0.061	0.084	-1	Echolocation	192000	/home/adkris/Documents/mila-human-wav-txt/20220826_070000.WAV	76	Waveform 1	1
LF	784.5793	19500.0	19200.0	17.02719521693773	784.5775	784.5867	17734	24932	Plecotus austriacus	0.056	0.093	-1	Echolocation	192000	/home/adkris/Documents/mila-human-wav-txt/20220826_070000.WAV	77	Waveform 1	1
LF	786.9333	20250.0	21120.0	13.724925131304548	786.9285	786.9382	18593	25273	Plecotus austriacus	0.043	0.088	-1	Echolocation	192000	/home/adkris/Documents/mila-human-wav-txt/20220826_070000.WAV	78	Waveform 1	1
LF	792.0793	19500.0	19200.0	12.934616120196878	792.0745	792.0877	17734	22824	Nyctalus noctula	0.024	0.047	-1	Echolocation	192000	/home/adkris/Documents/mila-human-wav-txt/20220826_070000.WAV	79	Waveform 1	1
LF	821.1016333333333	20250.0	20160.0	12.345499761474112	821.0965	821.1117	18593	23188	Nyctalus noctula	0.041	0.07	-1	Echolocation	192000	/home/adkris/Documents/mila-human-wav-txt/20220826_070000.WAV	80	Waveform 1	1
LF	832.7176333333333	21750.0	22080.0	11.532225241179932	832.7165	832.7252	19453	25480	Plecotus austriacus	0.019	0.04	-1	Echolocation	192000	/home/adkris/Documents/mila-human-wav-txt/20220826_070000.WAV	81	Waveform 1	1
LF	834.5743666666667	20250.0	22080.0	10.43253756494231	834.5685	834.5783	19453	25183	Plecotus austriacus	0.015	0.044	-1	Echolocation	192000	/home/adkris/Documents/mila-human-wav-txt/20220826_070000.WAV	82	Waveform 1	1
LF	841.0262333333334	20250.0	20160.0	11.188509709730292	841.0245	841.0326	17734	25494	Plecotus austriacus	0.055	0.083	-1	Echolocation	192000	/home/adkris/Documents/mila-human-wav-txt/20220826_070000.WAV	83	Waveform 1	1
LF	843.3919333333333	21750.0	22080.0	16.882379151926838	843.3895	843.3969	17734	27890	Plecotus austriacus	0.052	0.077	-1	Echolocation	192000	/home/adkris/Documents/mila-human-wav-txt/20220826_070000.WAV	84	Waveform 1	1
LF	856.8550666666666	21750.0	22080.0	12.197629676762492	856.8535	856.8606	17734	27625	Plecotus austriacus	0.046	0.06	-1	Echolocation	192000	/home/adkris/Documents/mila-human-wav-txt/20220826_070000.WAV	85	Waveform 1	1
LF	860.1043	20250.0	20160.0	13.370911442636748	860.1035	860.1137	17734	23411	Nyctalus noctula	0.032	0.075	-1	Echolocation	192000	/home/adkris/Documents/mila-human-wav-txt/20220826_070000.WAV	86	Waveform 1	1
LF	865.5062	19500.0	17280.0	10.76078920408898	865.5025	865.5168	17734	23193	Nyctalus noctula	0.026	0.046	-1	Echolocation	192000	/home/adkris/Documents/mila-human-wav-txt/20220826_070000.WAV	87	Waveform 1	1
LF	867.9413	21750.0	21120.0	11.00696729007472	867.9365	867.9462	19453	25348	Plecotus austriacus	0.024	0.062	-1	Echolocation	192000	/home/adkris/Documents/mila-human-wav-txt/20220826_070000.WAV	88	Waveform 1	1
LF	872.0558666666667	20250.0	21120.0	18.963105400116817	872.0535	872.0598	16875	34333	Plecotus austriacus	0.046	0.07	-1	Echolocation	192000	/home/adkris/Documents/mila-human-wav-txt/20220826_070000.WAV	89	Waveform 1	1
LF	887.2855333333333	20250.0	20160.0	20.032366609054236	887.2835	887.2913	16015	30477	Plecotus austriacus	0.022	0.035	-1	Echolocation	192000	/home/adkris/Documents/mila-human-wav-txt/20220826_070000.WAV	90	Waveform 1	1
LF	891.7043	14250.0	14400.0	14.55403456943115	891.7025	891.7117	12578	20512	Nyctalus leisleri	0.031	0.044	-1	Echolocation	192000	/home/adkris/Documents/mila-human-wav-txt/20220826_070000.WAV	91	Waveform 1	1
LF	894.8864666666667	18750.0	20160.0	10.255662944343324	894.8845	894.8912	15156	26495	Plecotus auritus	0.026	0.048	-1	Echolocation	192000	/home/adkris/Documents/mila-human-wav-txt/20220826_070000.WAV	92	Waveform 1	1
LF	898.9860666666667	20250.0	20160.0	15.7980274008195	898.9855	898.9936	16875	29856	Plecotus austriacus	0.024	0.037	-1	Echolocation	192000	/home/adkris/Documents/mila-human-wav-txt/20220826_070000.WAV	93	Waveform 1	1
LF	899.4278666666667	21750.0	22080.0	12.03669940190907	899.4255	899.4353	18593	24618	Plecotus austriacus	0.033	0.082	-1	Echolocation	192000	/home/adkris/Documents/mila-human-wav-txt/20220826_070000.WAV	94	Waveform 1	1
LF	903.1797	19500.0	17280.0	13.01384612052204	903.1785	903.1883	16015	22619	Nyctalus noctula	0.019	0.036	-1	Echolocation	192000	/home/adkris/Documents/mila-human-wav-txt/20220826_070000.WAV	95	Waveform 1	1
LF	904.9999666666666	12750.0	13440.000000000002	10.336208096014705	904.9975	905.0072	12578	20743	Nyctalus leisleri	0.03	0.045	-1	Echolocation	192000	/home/adkris/Documents/mila-human-wav-txt/20220826_070000.WAV	96	Waveform 1	1
LF	909.0836666666668	20250.0	20160.0	10.993813361532096	909.0825	909.09	17734	26623	Plecotus austriacus	0.058	0.093	-1	Echolocation	192000	/home/adkris/Documents/mila-human-wav-txt/20220826_070000.WAV	97	Waveform 1	1
LF	910.6242666666668	21750.0	22080.0	17.374445573380083	910.6215	910.6309	19453	25437	Plecotus austriacus	0.036	0.067	-1	Echolocation	192000	/home/adkris/Documents/mila-human-wav-txt/20220826_070000.WAV	98	Waveform 1	1
LF	911.0434	19500.0	20160.0	19.081550912293025	911.0415	911.0506	16875	24674	Plecotus austriacus	0.027	0.046	-1	Echolocation	192000	/home/adkris/Documents/mila-human-wav-txt/20220826_070000.WAV	99	Waveform 1	1
LF	913.2009666666668	21000.0	21120.0	10.578311759129132	913.1995	913.2067	18593	26752	Plecotus austriacus	0.064	0.098	-1	Echolocation	192000	/home/adkris/Documents/mila-human-wav-txt/20220826_070000.WAV	100	Waveform 1	1
LF	917.4284	19500.0	19200.0	10.844000194516934	917.4245	917.4351	18593	23445	Nyctalus noctula	0.027	0.085	-1	Echolocation	192000	/home/adkris/Documents/mila-human-wav-txt/20220826_070000.WAV	101	Waveform 1	1
LF	923.0467666666668	19500.0	20160.0	16.31245193739219	923.0415	923.0519	18593	24166	Plecotus austriacus	0.018	0.051	-1	Echolocation	192000	/home/adkris/Documents/mila-human-wav-txt/20220826_070000.WAV	102	Waveform 1	1
LF	929.0830666666668	21750.0	22080.0	16.994448414459647	929.0815	929.0921	22031	24746	Nyctalus leisleri	0.049	0.076	-1	Echolocation	192000	/home/adkris/Documents/mila-human-wav-txt/20220826_070000.WAV	103	Waveform 1	1
LF	935.7621	21750.0	21120.0	14.159664172439497	935.7605	935.7699	19453	24475	Plecotus austriacus	0.04	0.1	-1	Echolocation	192000	/home/adkris/Documents/mila-human-wav-txt/20220826_070000.WAV	104	Waveform 1	1
LF	945.3631666666666	21750.0	22080.0	14.130371685682528	945.3615	945.3685	17734	27244	Plecotus austriacus	0.055	0.071	-1	Echolocation	192000	/home/adkris/Documents/mila-human-wav-txt/20220826_070000.WAV	105	Waveform 1	1
LF	950.5283666666668	20250.0	20160.0	14.299069612097794	950.5255	950.5348	17734	25194	Plecotus austriacus	0.045	0.068	-1	Echolocation	192000	/home/adkris/Documents/mila-human-wav-txt/20220826_070000.WAV	106	Waveform 1	1
LF	975.4062666666666	19500.0	20160.0	13.675460990443035	975.4045	975.4114	16015	24962	Plecotus auritus	0.038	0.077	-1	Echolocation	192000	/home/adkris/Documents/mila-human-wav-txt/20220826_070000.WAV	107	Waveform 1	1
LF	980.7587333333332	20250.0	20160.0	10.112168790825296	980.7565	980.7641	17734	26525	Plecotus austriacus	0.066	0.096	-1	Echolocation	192000	/home/adkris/Documents/mila-human-wav-txt/20220826_070000.WAV	108	Waveform 1	1
LF	981.6700333333332	17250.0	20160.0	14.97061711711298	981.6685	981.6838	16875	22508	Nyctalus noctula	0.028	0.039	-1	Echolocation	192000	/home/adkris/Documents/mila-human-wav-txt/20220826_070000.WAV	109	Waveform 1	1
LF	983.5536666666668	21750.0	22080.0	11.623118553634686	983.5525	983.5635	22031	24037	Nyctalus leisleri	0.025	0.041	-1	Echolocation	192000	/home/adkris/Documents/mila-human-wav-txt/20220826_070000.WAV	110	Waveform 1	1
LF	988.8286666666668	18750.0	20160.0	11.45712059238565	988.8265	988.8365	19453	24412	Plecotus austriacus	0.013	0.037	-1	Echolocation	192000	/home/adkris/Documents/mila-human-wav-txt/20220826_070000.WAV	111	Waveform 1	1
LF	990.6881	21750.0	21120.0	11.609542593972108	990.6855	990.6904	16015	34914	Plecotus austriacus	0.053	0.096	-1	Echolocation	192000	/home/adkris/Documents/mila-human-wav-txt/20220826_070000.WAV	112	Waveform 1	1
LF	993.1022666666668	20250.0	22080.0	11.65695595866846	993.0965	993.1064	18593	24527	Plecotus austriacus	0.018	0.044	-1	Echolocation	192000	/home/adkris/Documents/mila-human-wav-txt/20220826_070000.WAV	113	Waveform 1	1
LF	999.1457333333332	20250.0	20160.0	10.05644533343503	999.1425	999.1526	18593	24469	Plecotus austriacus	0.035	0.087	-1	Echolocation	192000	/home/adkris/Documents/mila-human-wav-txt/20220826_070000.WAV	114	Waveform 1	1
LF	1001.5474333333332	21000.0	22080.0	18.22970466902366	1001.5465	1001.5554	21171	24827	Nyctalus leisleri	0.023	0.043	-1	Echolocation	192000	/home/adkris/Documents/mila-human-wav-txt/20220826_070000.WAV	115	Waveform 1	1
LF	1011.3570666666668	21750.0	22080.0	11.268634673790237	1011.3525	1011.3636	18593	23829	Nyctalus noctula	0.029	0.087	-1	Echolocation	192000	/home/adkris/Documents/mila-human-wav-txt/20220826_070000.WAV	116	Waveform 1	1
LF	1012.1764333333332	21750.0	26880.000000000004	10.906058065997552	1012.1735	1012.1909	20312	23681	Nyctalus noctula	0.02	0.046	-1	Echolocation	192000	/home/adkris/Documents/mila-human-wav-txt/20220826_070000.WAV	117	Waveform 1	1
LF	1013.3187	21750.0	22080.0	16.326176367380597	1013.3175	1013.3273	21171	24551	Nyctalus leisleri	0.054	0.094	-1	Echolocation	192000	/home/adkris/Documents/mila-human-wav-txt/20220826_070000.WAV	118	Waveform 1	1
LF	1016.7243666666668	21750.0	22080.0	10.789813102820329	1016.7225	1016.7363	21171	24584	Nyctalus leisleri	0.019	0.035	-1	Echolocation	192000	/home/adkris/Documents/mila-human-wav-txt/20220826_070000.WAV	119	Waveform 1	1
LF	1022.7570666666668	20250.0	20160.0	14.153420222435374	1022.7555	1022.7661	18593	24134	Nyctalus noctula	0.039	0.094	-1	Echolocation	192000	/home/adkris/Documents/mila-human-wav-txt/20220826_070000.WAV	120	Waveform 1	1
LF	1023.3295	19500.0	20160.0	13.23705083367539	1023.3265	1023.3345	17734	25137	Plecotus austriacus	0.054	0.091	-1	Echolocation	192000	/home/adkris/Documents/mila-human-wav-txt/20220826_070000.WAV	121	Waveform 1	1
LF	1035.4417	19500.0	20160.0	16.924241125935907	1035.4395	1035.4483	16875	24486	Plecotus austriacus	0.033	0.055	-1	Echolocation	192000	/home/adkris/Documents/mila-human-wav-txt/20220826_070000.WAV	122	Waveform 1	1
LF	1043.2707	21750.0	22080.0	10.651021562944772	1043.2665	1043.2768	19453	24874	Plecotus austriacus	0.026	0.083	-1	Echolocation	192000	/home/adkris/Documents/mila-human-wav-txt/20220826_070000.WAV	123	Waveform 1	1
LF	1049.2832	19500.0	19200.0	10.243929050083407	1049.2825	1049.2893	15156	26268	Plecotus austriacus	0.021	0.044	-1	Echolocation	192000	/home/adkris/Documents/mila-human-wav-txt/20220826_070000.WAV	124	Waveform 1	1
LF	1055.2621333333334	21750.0	21120.0	10.2604265426854	1055.2565	1055.2677	18593	24039	Nyctalus noctula	0.025	0.073	-1	Echolocation	192000	/home/adkris/Documents/mila-human-wav-txt/20220826_070000.WAV	125	Waveform 1	1
LF	1058.472	21750.0	21120.0	16.91641275691486	1058.4695	1058.478	19453	25085	Plecotus austriacus	0.048	0.089	-1	Echolocation	192000	/home/adkris/Documents/mila-human-wav-txt/20220826_070000.WAV	126	Waveform 1	1
LF	1066.702633333333	19500.0	19200.0	10.768599142704383	1066.7015	1066.7172	17734	23257	Nyctalus noctula	0.014	0.022	-1	Echolocation	192000	/home/adkris/Documents/mila-human-wav-txt/20220826_070000.WAV	127	Waveform 1	1
LF	1067.9201666666668	19500.0	20160.0	10.690345323372233	1067.9185	1067.9255	14296	31378	Plecotus auritus	0.016	0.026	-1	Echolocation	192000	/home/adkris/Documents/mila-human-wav-txt/20220826_070000.WAV	128	Waveform 1	1
LF	1069.2890333333332	17250.0	20160.0	10.56001215216448	1069.2865	1069.2938	14296	31660	Plecotus auritus	0.028	0.046	-1	Echolocation	192000	/home/adkris/Documents/mila-human-wav-txt/20220826_070000.WAV	129	Waveform 1	1
LF	1074.602933333333	15000.0	15360.0	11.174604987128491	1074.6015	1074.6099	12578	23713	Nyctalus leisleri	0.025	0.033	-1	Echolocation	192000	/home/adkris/Documents/mila-human-wav-txt/20220826_070000.WAV	130	Waveform 1	1
LF	1080.1175666666666	21000.0	21120.0	14.161609464267467	1080.1135	1080.1216	17734	29863	Plecotus austriacus	0.055	0.082	-1	Echolocation	192000	/home/adkris/Documents/mila-human-wav-txt/20220826_070000.WAV	131	Waveform 1	1
LF	1087.1756	20250.0	21120.0	13.789009116523893	1087.1745	1087.1809	17734	28964	Plecotus austriacus	0.061	0.081	-1	Echolocation	192000	/home/adkris/Documents/mila-human-wav-txt/20220826_070000.WAV	132	Waveform 1	1
LF	1087.8985	20250.0	20160.0	13.0376098112236	1087.8935	1087.903	19453	24803	Plecotus austriacus	0.026	0.081	-1	Echolocation	192000	/home/adkris/Documents/mila-human-wav-txt/20220826_070000.WAV	133	Waveform 1	1
LF	1092.0833	22500.0	22080.0	14.525872957509607	1092.0815	1092.0872	16875	33388	Plecotus austriacus	0.055	0.078	-1	Echolocation	192000	/home/adkris/Documents/mila-human-wav-txt/20220826_070000.WAV	134	Waveform 1	1
LF	1098.1622333333332	21750.0	22080.0	10.956526261379429	1098.1575	1098.1661	17734	25053	Plecotus austriacus	0.024	0.061	-1	Echolocation	192000	/home/adkris/Documents/mila-human-wav-txt/20220826_070000.WAV	135	Waveform 1	1
LF	1101.5695	21750.0	22080.0	18.052193654767695	1101.5675	1101.5765	19453	25667	Plecotus austriacus	0.045	0.094	-1	Echolocation	192000	/home/adkris/Documents/mila-human-wav-txt/20220826_070000.WAV	136	Waveform 1	1
LF	1102.5144	20250.0	20160.0	11.298993188846405	1102.5095	1102.5191	18593	24424	Plecotus austriacus	0.033	0.087	-1	Echolocation	192000	/home/adkris/Documents/mila-human-wav-txt/20220826_070000.WAV	137	Waveform 1	1
LF	1106.8088333333333	20250.0	20160.0	13.697973399115607	1106.8075	1106.816	17734	25104	Plecotus austriacus	0.04	0.061	-1	Echolocation	192000	/home/adkris/Documents/mila-human-wav-txt/20220826_070000.WAV	138	Waveform 1	1
LF	1129.1449	20250.0	20160.0	19.59661630134956	1129.1445	1129.1551	16875	23891	Nyctalus noctula	0.015	0.031	-1	Echolocation	192000	/home/adkris/Documents/mila-human-wav-txt/20220826_070000.WAV	139	Waveform 1	1
LF	1131.5150666666666	19500.0	20160.0	11.718809973607158	1131.5105	1131.5251	19453	24362	Nyctalus noctula	0.03	0.058	-1	Echolocation	192000	/home/adkris/Documents/mila-human-wav-txt/20220826_070000.WAV	140	Waveform 1	1
LF	1145.1869666666666	19500.0	20160.0	14.55619453057306	1145.1825	1145.1972	18593	23662	Nyctalus noctula	0.028	0.05	-1	Echolocation	192000	/home/adkris/Documents/mila-human-wav-txt/20220826_070000.WAV	141	Waveform 1	1
LF	1145.560433333333	20250.0	20160.0	10.239950869841914	1145.5585	1145.5664	17734	26777	Plecotus austriacus	0.028	0.043	-1	Echolocation	192000	/home/adkris/Documents/mila-human-wav-txt/20220826_070000.WAV	142	Waveform 1	1
LF	1150.9235333333334	21750.0	22080.0	10.68748204851456	1150.9215	1150.9293	18593	26558	Plecotus austriacus	0.047	0.072	-1	Echolocation	192000	/home/adkris/Documents/mila-human-wav-txt/20220826_070000.WAV	143	Waveform 1	1
LF	1155.2288	15000.0	15360.0	12.590705396623605	1155.2265	1155.2352	13437	20037	Plecotus austriacus	0.009	0.037	-1	Echolocation	192000	/home/adkris/Documents/mila-human-wav-txt/20220826_070000.WAV	144	Waveform 1	1
LF	1168.4362	21750.0	22080.0	18.234963492205317	1168.4335	1168.4418	18593	26816	Plecotus austriacus	0.046	0.066	-1	Echolocation	192000	/home/adkris/Documents/mila-human-wav-txt/20220826_070000.WAV	145	Waveform 1	1
LF	1169.9684666666667	20250.0	20160.0	11.812155232577837	1169.9675	1169.9752	16875	26663	Plecotus austriacus	0.03	0.043	-1	Echolocation	192000	/home/adkris/Documents/mila-human-wav-txt/20220826_070000.WAV	146	Waveform 1	1
LF	1180.8681666666666	19500.0	20160.0	12.361762593552076	1180.8625	1180.876	18593	23908	Nyctalus noctula	0.012	0.029	-1	Echolocation	192000	/home/adkris/Documents/mila-human-wav-txt/20220826_070000.WAV	147	Waveform 1	1
LF	1187.0268666666666	17250.0	19200.0	12.48367102761434	1187.0255	1187.0328	15156	30423	Plecotus austriacus	0.014	0.027	-1	Echolocation	192000	/home/adkris/Documents/mila-human-wav-txt/20220826_070000.WAV	148	Waveform 1	1
LF	1191.5347333333334	21750.0	22080.0	11.27149063912322	1191.5295	1191.5376	17734	25171	Plecotus austriacus	0.03	0.054	-1	Echolocation	192000	/home/adkris/Documents/mila-human-wav-txt/20220826_070000.WAV	149	Waveform 1	1
LF	1198.0626666666667	20250.0	20160.0	19.82434418277979	1198.0615	1198.069	15156	35790	Plecotus auritus	0.016	0.037	-1	Echolocation	192000	/home/adkris/Documents/mila-human-wav-txt/20220826_070000.WAV	150	Waveform 1	1
LF	1213.5777666666668	19500.0	20160.0	11.046755439512442	1213.5765	1213.5839	15156	25624	Plecotus auritus	0.018	0.033	-1	Echolocation	192000	/home/adkris/Documents/mila-human-wav-txt/20220826_070000.WAV	151	Waveform 1	1
LF	1215.1178	21000.0	20160.0	11.782576652823906	1215.1125	1215.1287	19453	23534	Nyctalus noctula	0.037	0.061	-1	Echolocation	192000	/home/adkris/Documents/mila-human-wav-txt/20220826_070000.WAV	152	Waveform 1	1
LF	1230.1754	20250.0	20160.0	13.282302416904132	1230.1735	1230.1826	18593	24556	Plecotus austriacus	0.039	0.083	-1	Echolocation	192000	/home/adkris/Documents/mila-human-wav-txt/20220826_070000.WAV	153	Waveform 1	1
LF	1234.3617333333334	20250.0	17280.0	11.64833100863232	1234.3615	1234.3746	16015	21292	Nyctalus noctula	0.018	0.028	-1	Echolocation	192000	/home/adkris/Documents/mila-human-wav-txt/20220826_070000.WAV	154	Waveform 1	1
LF	1234.5072666666667	20250.0	20160.0	14.842799748756814	1234.5025	1234.5134	18593	23427	Nyctalus noctula	0.025	0.07	-1	Echolocation	192000	/home/adkris/Documents/mila-human-wav-txt/20220826_070000.WAV	155	Waveform 1	1
LF	1235.0316333333333	20250.0	20160.0	19.10013505384526	1235.0295	1235.0372	16875	26015	Plecotus austriacus	0.038	0.056	-1	Echolocation	192000	/home/adkris/Documents/mila-human-wav-txt/20220826_070000.WAV	156	Waveform 1	1
LF	1240.7377333333334	21750.0	22080.0	17.066559136094597	1240.7365	1240.7486	22031	24149	Nyctalus leisleri	0.041	0.066	-1	Echolocation	192000	/home/adkris/Documents/mila-human-wav-txt/20220826_070000.WAV	157	Waveform 1	1
LF	1246.2123666666666	19500.0	20160.0	10.149692979926046	1246.2085	1246.2168	15156	23657	Plecotus auritus	0.013	0.023	-1	Echolocation	192000	/home/adkris/Documents/mila-human-wav-txt/20220826_070000.WAV	158	Waveform 1	1
LF	1252.1106	19500.0	20160.0	13.546173491637362	1252.1045	1252.1164	18593	24317	Nyctalus noctula	0.02	0.052	-1	Echolocation	192000	/home/adkris/Documents/mila-human-wav-txt/20220826_070000.WAV	159	Waveform 1	1
LF	1252.759	20250.0	20160.0	19.94377826657977	1252.7575	1252.767	21171	25300	Nyctalus leisleri	0.018	0.039	-1	Echolocation	192000	/home/adkris/Documents/mila-human-wav-txt/20220826_070000.WAV	160	Waveform 1	1
LF	1267.969	19500.0	20160.0	12.84775381758834	1267.9675	1267.977	17734	23455	Plecotus austriacus	0.038	0.099	-1	Echolocation	192000	/home/adkris/Documents/mila-human-wav-txt/20220826_070000.WAV	161	Waveform 1	1
LF	1269.708033333333	21000.0	22080.0	10.156833712583438	1269.7055	1269.7163	22031	24797	Nyctalus leisleri	0.022	0.04	-1	Echolocation	192000	/home/adkris/Documents/mila-human-wav-txt/20220826_070000.WAV	162	Waveform 1	1
LF	1276.2117	19500.0	20160.0	10.68948320478446	1276.2105	1276.2203	16875	24919	Plecotus austriacus	0.04	0.097	-1	Echolocation	192000	/home/adkris/Documents/mila-human-wav-txt/20220826_070000.WAV	163	Waveform 1	1
LF	1279.5871	19500.0	20160.0	17.13113865408989	1279.5825	1279.5924	17734	23429	Plecotus austriacus	0.034	0.084	-1	Echolocation	192000	/home/adkris/Documents/mila-human-wav-txt/20220826_070000.WAV	164	Waveform 1	1
LF	1282.4979666666666	19500.0	20160.0	12.503404942946368	1282.4965	1282.5037	16015	25732	Plecotus auritus	0.044	0.084	-1	Echolocation	192000	/home/adkris/Documents/mila-human-wav-txt/20220826_070000.WAV	165	Waveform 1	1
LF	1282.9573666666668	19500.0	20160.0	11.914514888079438	1282.9555	1282.9658	17734	23737	Plecotus austriacus	0.014	0.031	-1	Echolocation	192000	/home/adkris/Documents/mila-human-wav-txt/20220826_070000.WAV	166	Waveform 1	1
LF	1293.3142666666668	21750.0	22080.0	11.953682147604136	1293.3125	1293.3194	17734	26929	Plecotus austriacus	0.053	0.078	-1	Echolocation	192000	/home/adkris/Documents/mila-human-wav-txt/20220826_070000.WAV	167	Waveform 1	1
LF	1295.7818	20250.0	20160.0	11.71299887883681	1295.7785	1295.7862	17734	26679	Plecotus austriacus	0.051	0.076	-1	Echolocation	192000	/home/adkris/Documents/mila-human-wav-txt/20220826_070000.WAV	168	Waveform 1	1
LF	1296.036	22500.0	22080.0	11.284757303539983	1296.0305	1296.0395	19453	25985	Plecotus austriacus	0.014	0.04	-1	Echolocation	192000	/home/adkris/Documents/mila-human-wav-txt/20220826_070000.WAV	169	Waveform 1	1
LF	1298.3106666666667	20250.0	20160.0	11.646209330091269	1298.3055	1298.316	18593	23868	Plecotus austriacus	0.02	0.066	-1	Echolocation	192000	/home/adkris/Documents/mila-human-wav-txt/20220826_070000.WAV	170	Waveform 1	1
LF	1300.9796	19500.0	19200.0	10.486134572958498	1300.9745	1300.9874	17734	22835	Nyctalus noctula	0.016	0.035	-1	Echolocation	192000	/home/adkris/Documents/mila-human-wav-txt/20220826_070000.WAV	171	Waveform 1	1
LF	1301.4193	18750.0	19200.0	15.052100156542242	1301.4145	1301.4277	17734	22863	Nyctalus noctula	0.033	0.063	-1	Echolocation	192000	/home/adkris/Documents/mila-human-wav-txt/20220826_070000.WAV	172	Waveform 1	1
LF	1308.7474333333334	21000.0	22080.0	13.33833779620316	1308.7455	1308.7534	18593	26480	Plecotus austriacus	0.04	0.081	-1	Echolocation	192000	/home/adkris/Documents/mila-human-wav-txt/20220826_070000.WAV	173	Waveform 1	1
LF	1311.3028	21000.0	21120.0	10.774882573817212	1311.3015	1311.3112	19453	24679	Plecotus austriacus	0.021	0.057	-1	Echolocation	192000	/home/adkris/Documents/mila-human-wav-txt/20220826_070000.WAV	174	Waveform 1	1
LF	1324.0598	19500.0	20160.0	14.691547508598488	1324.0555	1324.0692	18593	23681	Nyctalus noctula	0.019	0.043	-1	Echolocation	192000	/home/adkris/Documents/mila-human-wav-txt/20220826_070000.WAV	175	Waveform 1	1
LF	1325.4970666666666	22500.0	24000.0	11.008493030656318	1325.4965	1325.5081	22031	24839	Nyctalus leisleri	0.02	0.034	-1	Echolocation	192000	/home/adkris/Documents/mila-human-wav-txt/20220826_070000.WAV	176	Waveform 1	1
LF	1327.0306333333333	21750.0	22080.0	11.938113815254026	1327.0295	1327.0382	19453	26308	Plecotus austriacus	0.03	0.069	-1	Echolocation	192000	/home/adkris/Documents/mila-human-wav-txt/20220826_070000.WAV	177	Waveform 1	1
LF	1334.1732	20250.0	20160.0	10.28189314688505	1334.1685	1334.1783	18593	24759	Plecotus austriacus	0.034	0.089	-1	Echolocation	192000	/home/adkris/Documents/mila-human-wav-txt/20220826_070000.WAV	178	Waveform 1	1
LF	1338.4549333333334	20250.0	20160.0	16.963633043080975	1338.4535	1338.4619	18593	25759	Plecotus austriacus	0.051	0.084	-1	Echolocation	192000	/home/adkris/Documents/mila-human-wav-txt/20220826_070000.WAV	179	Waveform 1	1
LF	1340.7301	12750.0	12480.0	12.105436119459831	1340.7285	1340.7379	12578	16596	Nyctalus leisleri	0.02	0.035	-1	Echolocation	192000	/home/adkris/Documents/mila-human-wav-txt/20220826_070000.WAV	180	Waveform 1	1
LF	1344.9744333333333	20250.0	20160.0	15.23413657931492	1344.9705	1344.9799	18593	24831	Plecotus austriacus	0.042	0.097	-1	Echolocation	192000	/home/adkris/Documents/mila-human-wav-txt/20220826_070000.WAV	181	Waveform 1	1
LF	1355.7378333333334	20250.0	20160.0	14.587596006214266	1355.7355	1355.743	16875	25863	Plecotus austriacus	0.06	0.097	-1	Echolocation	192000	/home/adkris/Documents/mila-human-wav-txt/20220826_070000.WAV	182	Waveform 1	1
LF	1356.2122	20250.0	21120.0	13.21143850345317	1356.2085	1356.2193	19453	24271	Nyctalus leisleri	0.027	0.086	-1	Echolocation	192000	/home/adkris/Documents/mila-human-wav-txt/20220826_070000.WAV	183	Waveform 1	1
LF	1357.0853	19500.0	19200.0	12.278389341462326	1357.0805	1357.0972	18593	23321	Nyctalus noctula	0.055	0.08	-1	Echolocation	192000	/home/adkris/Documents/mila-human-wav-txt/20220826_070000.WAV	184	Waveform 1	1
LF	1360.1264	21000.0	23040.0	11.3032340555548	1360.1225	1360.1296	18593	32115	Plecotus austriacus	0.045	0.076	-1	Echolocation	192000	/home/adkris/Documents/mila-human-wav-txt/20220826_070000.WAV	185	Waveform 1	1
LF	1360.4748	21000.0	21120.0	12.654102360171342	1360.4705	1360.4807	18593	23941	Plecotus austriacus	0.023	0.069	-1	Echolocation	192000	/home/adkris/Documents/mila-human-wav-txt/20220826_070000.WAV	186	Waveform 1	1
LF	1361.3055333333334	19500.0	20160.0	10.160413335386622	1361.3035	1361.3113	17734	26086	Plecotus austriacus	0.053	0.092	-1	Echolocation	192000	/home/adkris/Documents/mila-human-wav-txt/20220826_070000.WAV	187	Waveform 1	1
LF	1363.4209	20250.0	22080.0	12.007748747557038	1363.4165	1363.4266	19453	24934	Plecotus austriacus	0.029	0.084	-1	Echolocation	192000	/home/adkris/Documents/mila-human-wav-txt/20220826_070000.WAV	188	Waveform 1	1
LF	1369.4152333333334	21000.0	20160.0	11.01237431382616	1369.4095	1369.4171	15156	28209	Plecotus auritus	0.03	0.062	-1	Echolocation	192000	/home/adkris/Documents/mila-human-wav-txt/20220826_070000.WAV	189	Waveform 1	1
LF	1369.9940666666666	22500.0	22080.0	13.937415344090104	1369.9895	1369.9971	16875	26068	Plecotus austriacus	0.023	0.042	-1	Echolocation	192000	/home/adkris/Documents/mila-human-wav-txt/20220826_070000.WAV	190	Waveform 1	1
LF	1370.7462666666668	21750.0	21120.0	13.902710695530477	1370.7445	1370.7514	17734	27765	Plecotus austriacus	0.061	0.086	-1	Echolocation	192000	/home/adkris/Documents/mila-human-wav-txt/20220826_070000.WAV	191	Waveform 1	1
LF	1376.7277666666666	20250.0	20160.0	16.878037240031524	1376.7265	1376.7339	17734	30181	Plecotus austriacus	0.046	0.065	-1	Echolocation	192000	/home/adkris/Documents/mila-human-wav-txt/20220826_070000.WAV	192	Waveform 1	1
LF	1382.108966666667	20250.0	20160.0	15.83313068969536	1382.1075	1382.1147	16875	26220	Plecotus austriacus	0.064	0.09	-1	Echolocation	192000	/home/adkris/Documents/mila-human-wav-txt/20220826_070000.WAV	193	Waveform 1	1
LF	1385.9392666666668	20250.0	20160.0	19.25315770745764	1385.9335	1385.9434	18593	24446	Plecotus austriacus	0.024	0.074	-1	Echolocation	192000	/home/adkris/Documents/mila-human-wav-txt/20220826_070000.WAV	194	Waveform 1	1
LF	1391.1243	20250.0	20160.0	13.593189826941646	1391.1205	1391.1312	18593	23927	Plecotus austriacus	0.021	0.059	-1	Echolocation	192000	/home/adkris/Documents/mila-human-wav-txt/20220826_070000.WAV	195	Waveform 1	1
LF	1398.6288	21750.0	22080.0	10.576883066263044	1398.6245	1398.6347	18593	25231	Plecotus austriacus	0.037	0.082	-1	Echolocation	192000	/home/adkris/Documents/mila-human-wav-txt/20220826_070000.WAV	196	Waveform 1	1
LF	1412.7745	19500.0	20160.0	11.265424282700224	1412.7695	1412.786	19453	23671	Nyctalus noctula	0.014	0.029	-1	Echolocation	192000	/home/adkris/Documents/mila-human-wav-txt/20220826_070000.WAV	197	Waveform 1	1
LF	1421.7855333333334	20250.0	20160.0	12.821781199019354	1421.7855	1421.8023	20312	24607	Nyctalus noctula	0.015	0.03	-1	Echolocation	192000	/home/adkris/Documents/mila-human-wav-txt/20220826_070000.WAV	198	Waveform 1	1
LF	1431.881566666667	21750.0	22080.0	12.949544090808152	1431.8795	1431.8861	17734	26954	Plecotus austriacus	0.067	0.092	-1	Echolocation	192000	/home/adkris/Documents/mila-human-wav-txt/20220826_070000.WAV	199	Waveform 1	1
LF	1454.1788333333334	21750.0	22080.0	11.992918706691452	1454.1745	1454.1835	18593	25271	Plecotus austriacus	0.027	0.064	-1	Echolocation	192000	/home/adkris/Documents/mila-human-wav-txt/20220826_070000.WAV	200	Waveform 1	1
LF	1456.2749333333334	20250.0	20160.0	14.109896456377346	1456.2735	1456.2819	17734	23759	Plecotus austriacus	0.032	0.088	-1	Echolocation	192000	/home/adkris/Documents/mila-human-wav-txt/20220826_070000.WAV	201	Waveform 1	1
LF	1462.8854333333334	20250.0	21120.0	11.38060129012409	1462.8845	1462.9004	19453	23984	Nyctalus noctula	0.043	0.075	-1	Echolocation	192000	/home/adkris/Documents/mila-human-wav-txt/20220826_070000.WAV	202	Waveform 1	1
LF	1492.4464666666668	20250.0	20160.0	11.96862884040165	1492.4445	1492.4512	15156	28513	Plecotus auritus	0.04	0.078	-1	Echolocation	192000	/home/adkris/Documents/mila-human-wav-txt/20220826_070000.WAV	203	Waveform 1	1
LF	1507.7797	19500.0	21120.0	14.295296028206794	1507.7785	1507.7848	16875	29833	Plecotus austriacus	0.071	0.096	-1	Echolocation	192000	/home/adkris/Documents/mila-human-wav-txt/20220826_070000.WAV	204	Waveform 1	1
LF	1512.1932	21000.0	22080.0	13.995847419184742	1512.1925	1512.1993	18593	29331	Plecotus austriacus	0.067	0.097	-1	Echolocation	192000	/home/adkris/Documents/mila-human-wav-txt/20220826_070000.WAV	205	Waveform 1	1
LF	1519.3330666666666	19500.0	20160.0	11.058936012345008	1519.3325	1519.3476	19453	24297	Nyctalus noctula	0.024	0.042	-1	Echolocation	192000	/home/adkris/Documents/mila-human-wav-txt/20220826_070000.WAV	206	Waveform 1	1
LF	1523.0929	20250.0	20160.0	12.217818791052087	1523.0915	1523.1011	19453	24915	Plecotus austriacus	0.025	0.052	-1	Echolocation	192000	/home/adkris/Documents/mila-human-wav-txt/20220826_070000.WAV	207	Waveform 1	1
LF	1523.4127	19500.0	20160.0	15.528683053354603	1523.4105	1523.4193	16875	29262	Plecotus austriacus	0.057	0.088	-1	Echolocation	192000	/home/adkris/Documents/mila-human-wav-txt/20220826_070000.WAV	208	Waveform 1	1
LF	1526.4231333333332	19500.0	20160.0	11.090183107494136	1526.4215	1526.4297	16875	25424	Plecotus austriacus	0.032	0.063	-1	Echolocation	192000	/home/adkris/Documents/mila-human-wav-txt/20220826_070000.WAV	209	Waveform 1	1
LF	1539.346266666667	20250.0	20160.0	14.557281922523828	1539.3425	1539.3544	19453	24375	Nyctalus noctula	0.03	0.074	-1	Echolocation	192000	/home/adkris/Documents/mila-human-wav-txt/20220826_070000.WAV	210	Waveform 1	1
LF	1539.5595666666666	21750.0	22080.0	21.00280282305924	1539.5575	1539.5641	18593	28960	Plecotus austriacus	0.071	0.094	-1	Echolocation	192000	/home/adkris/Documents/mila-human-wav-txt/20220826_070000.WAV	211	Waveform 1	1
LF	1542.3824333333334	20250.0	20160.0	14.943122001323498	1542.3785	1542.3879	18593	24430	Plecotus austriacus	0.028	0.059	-1	Echolocation	192000	/home/adkris/Documents/mila-human-wav-txt/20220826_070000.WAV	212	Waveform 1	1
LF	1562.6157	21750.0	22080.0	17.092712271345306	1562.6135	1562.6223	20312	25892	Plecotus austriacus	0.038	0.078	-1	Echolocation	192000	/home/adkris/Documents/mila-human-wav-txt/20220826_070000.WAV	213	Waveform 1	1
LF	1565.9250333333334	21750.0	22080.0	14.297937630356374	1565.9205	1565.9293	19453	26531	Plecotus austriacus	0.04	0.096	-1	Echolocation	192000	/home/adkris/Documents/mila-human-wav-txt/20220826_070000.WAV	214	Waveform 1	1
LF	1567.7608	24000.0	22080.0	14.934700735369915	1567.7595	1567.7657	17734	30906	Plecotus austriacus	0.057	0.074	-1	Echolocation	192000	/home/adkris/Documents/mila-human-wav-txt/20220826_070000.WAV	215	Waveform 1	1
LF	1581.8677333333333	20250.0	20160.0	10.060056043744598	1581.8625	1581.8741	18593	23812	Nyctalus noctula	0.021	0.058	-1	Echolocation	192000	/home/adkris/Documents/mila-human-wav-txt/20220826_070000.WAV	216	Waveform 1	1
LF	1585.0537	20250.0	20160.0	11.79618465128318	1585.0525	1585.0623	16015	21499	Nyctalus noctula	0.031	0.051	-1	Echolocation	192000	/home/adkris/Documents/mila-human-wav-txt/20220826_070000.WAV	217	Waveform 1	1
LF	1587.6427333333334	19500.0	17280.0	13.837474645654035	1587.6425	1587.6556	16875	22729	Nyctalus noctula	0.017	0.027	-1	Echolocation	192000	/home/adkris/Documents/mila-human-wav-txt/20220826_070000.WAV	218	Waveform 1	1
LF	1589.6187	19500.0	20160.0	13.544089408157634	1589.6135	1589.6228	18593	24379	Plecotus austriacus	0.025	0.078	-1	Echolocation	192000	/home/adkris/Documents/mila-human-wav-txt/20220826_070000.WAV	219	Waveform 1	1
LF	1592.2570333333333	20250.0	20160.0	15.79101919192766	1592.2555	1592.2638	17734	25463	Plecotus austriacus	0.062	0.092	-1	Echolocation	192000	/home/adkris/Documents/mila-human-wav-txt/20220826_070000.WAV	220	Waveform 1	1
LF	1621.7716333333333	17250.0	20160.0	13.685107812539476	1621.7695	1621.7772	16015	23690	Plecotus auritus	0.022	0.052	-1	Echolocation	192000	/home/adkris/Documents/mila-human-wav-txt/20220826_070000.WAV	221	Waveform 1	1
LF	1627.2288	17250.0	17280.0	10.11465711670565	1627.2275	1627.2512	16015	21780	Nyctalus noctula	0.023	0.029	-1	Echolocation	192000	/home/adkris/Documents/mila-human-wav-txt/20220826_070000.WAV	222	Waveform 1	1
LF	1628.1575	20250.0	20160.0	11.227843302466734	1628.1555	1628.168	19453	24621	Nyctalus noctula	0.036	0.075	-1	Echolocation	192000	/home/adkris/Documents/mila-human-wav-txt/20220826_070000.WAV	223	Waveform 1	1
LF	1632.6227666666666	19500.0	20160.0	11.385370118955205	1632.6215	1632.6289	13437	27155	Plecotus auritus	0.012	0.036	-1	Echolocation	192000	/home/adkris/Documents/mila-human-wav-txt/20220826_070000.WAV	224	Waveform 1	1
LF	1643.447	21750.0	22080.0	12.748226188079627	1643.4405	1643.4555	19453	24107	Nyctalus noctula	0.029	0.054	-1	Echolocation	192000	/home/adkris/Documents/mila-human-wav-txt/20220826_070000.WAV	225	Waveform 1	1
LF	1645.6119333333334	18750.0	20160.0	14.20986363158444	1645.6095	1645.6169	17734	25892	Plecotus austriacus	0.061	0.094	-1	Echolocation	192000	/home/adkris/Documents/mila-human-wav-txt/20220826_070000.WAV	226	Waveform 1	1
LF	1649.7179666666666	17250.0	20160.0	11.41803357817948	1649.7165	1649.7307	17734	21428	Nyctalus noctula	0.012	0.024	-1	Echolocation	192000	/home/adkris/Documents/mila-human-wav-txt/20220826_070000.WAV	227	Waveform 1	1
LF	1652.9731	18750.0	20160.0	16.12664882796695	1652.9705	1652.9789	16875	26274	Plecotus austriacus	0.059	0.092	-1	Echolocation	192000	/home/adkris/Documents/mila-human-wav-txt/20220826_070000.WAV	228	Waveform 1	1
LF	1664.5653333333332	17250.0	20160.0	10.865062686393625	1664.5635	1664.575	16875	21997	Nyctalus noctula	0.018	0.04	-1	Echolocation	192000	/home/adkris/Documents/mila-human-wav-txt/20220826_070000.WAV	229	Waveform 1	1
LF	1667.5353333333333	20250.0	20160.0	14.200724727022374	1667.5335	1667.5415	18593	25926	Plecotus austriacus	0.065	0.096	-1	Echolocation	192000	/home/adkris/Documents/mila-human-wav-txt/20220826_070000.WAV	230	Waveform 1	1
LF	1674.7501333333332	18750.0	19200.0	11.45517716573104	1674.7485	1674.7637	16015	23791	Nyctalus noctula	0.04	0.049	-1	Echolocation	192000	/home/adkris/Documents/mila-human-wav-txt/20220826_070000.WAV	231	Waveform 1	1
LF	1676.8853333333334	19500.0	20160.0	10.42784268672337	1676.8835	1676.8915	15156	23024	Plecotus auritus	0.02	0.044	-1	Echolocation	192000	/home/adkris/Documents/mila-human-wav-txt/20220826_070000.WAV	232	Waveform 1	1
LF	1679.3437666666666	20250.0	21120.0	17.77291278254235	1679.3415	1679.3479	17734	28652	Plecotus austriacus	0.031	0.049	-1	Echolocation	192000	/home/adkris/Documents/mila-human-wav-txt/20220826_070000.WAV	233	Waveform 1	1
LF	1691.8379333333332	20250.0	20160.0	13.850169894749108	1691.8365	1691.8449	17734	25368	Plecotus austriacus	0.052	0.089	-1	Echolocation	192000	/home/adkris/Documents/mila-human-wav-txt/20220826_070000.WAV	234	Waveform 1	1
LF	1699.7094	20250.0	20160.0	11.958719509263494	1699.7075	1699.7166	16875	23667	Plecotus austriacus	0.026	0.044	-1	Echolocation	192000	/home/adkris/Documents/mila-human-wav-txt/20220826_070000.WAV	235	Waveform 1	1
LF	1711.4006	17250.0	17280.0	11.3819135978611	1711.3965	1711.4069	16875	22464	Plecotus austriacus	0.012	0.034	-1	Echolocation	192000	/home/adkris/Documents/mila-human-wav-txt/20220826_070000.WAV	236	Waveform 1	1
LF	1716.8045	20250.0	20160.0	13.467071548499645	1716.8005	1716.811	18593	23954	Plecotus austriacus	0.026	0.066	-1	Echolocation	192000	/home/adkris/Documents/mila-human-wav-txt/20220826_070000.WAV	237	Waveform 1	1
LF	1720.052233333333	21750.0	22080.0	15.02201075001846	1720.0505	1720.0656	22031	25082	Nyctalus leisleri	0.024	0.043	-1	Echolocation	192000	/home/adkris/Documents/mila-human-wav-txt/20220826_070000.WAV	238	Waveform 1	1
LF	1723.6886333333334	19500.0	20160.0	12.25952617843111	1723.6875	1723.6962	14296	22587	Nyctalus noctula	0.025	0.05	-1	Echolocation	192000	/home/adkris/Documents/mila-human-wav-txt/20220826_070000.WAV	239	Waveform 1	1
LF	1724.8222666666666	17250.0	17280.0	10.67135846855138	1724.8205	1724.8274	14296	26310	Plecotus auritus	0.023	0.034	-1	Echolocation	192000	/home/adkris/Documents/mila-human-wav-txt/20220826_070000.WAV	240	Waveform 1	1
LF	1725.5136666666667	21000.0	20160.0	20.39782823268624	1725.5115	1725.518	16875	32093	Plecotus austriacus	0.059	0.089	-1	Echolocation	192000	/home/adkris/Documents/mila-human-wav-txt/20220826_070000.WAV	241	Waveform 1	1
LF	1727.6536	22500.0	22080.0	11.491631725826156	1727.6485	1727.6579	19453	25847	Plecotus austriacus	0.033	0.085	-1	Echolocation	192000	/home/adkris/Documents/mila-human-wav-txt/20220826_070000.WAV	242	Waveform 1	1
LF	1732.302766666667	21750.0	22080.0	17.278888565013194	1732.3005	1732.3069	17734	32688	Plecotus austriacus	0.061	0.084	-1	Echolocation	192000	/home/adkris/Documents/mila-human-wav-txt/20220826_070000.WAV	243	Waveform 1	1
LF	1736.2510333333332	19500.0	20160.0	10.588742647971069	1736.2485	1736.2558	15156	25323	Plecotus auritus	0.058	0.077	-1	Echolocation	192000	/home/adkris/Documents/mila-human-wav-txt/20220826_070000.WAV	244	Waveform 1	1
LF	1770.6973	19500.0	19200.0	11.26243287438902	1770.6955	1770.7047	17734	23735	Plecotus austriacus	0.043	0.084	-1	Echolocation	192000	/home/adkris/Documents/mila-human-wav-txt/20220826_070000.WAV	245	Waveform 1	1
LF	1771.1641333333334	20250.0	19200.0	11.854356364826607	1771.1625	1771.1742	17734	23427	Nyctalus noctula	0.026	0.06	-1	Echolocation	192000	/home/adkris/Documents/mila-human-wav-txt/20220826_070000.WAV	246	Waveform 1	1
LF	1776.0808333333334	19500.0	20160.0	10.529641484541902	1776.0795	1776.088	18593	24793	Plecotus austriacus	0.022	0.052	-1	Echolocation	192000	/home/adkris/Documents/mila-human-wav-txt/20220826_070000.WAV	247	Waveform 1	1
LF	1778.5658	21000.0	21120.0	12.40842978189776	1778.5605	1778.5732	18593	23989	Nyctalus noctula	0.031	0.066	-1	Echolocation	192000	/home/adkris/Documents/mila-human-wav-txt/20220826_070000.WAV	248	Waveform 1	1
LF	1779.3491	20250.0	20160.0	12.486742473638714	1779.3475	1779.3569	16015	22310	Plecotus austriacus	0.017	0.036	-1	Echolocation	192000	/home/adkris/Documents/mila-human-wav-txt/20220826_070000.WAV	249	Waveform 1	1
LF	1794.9205	12750.0	12480.0	11.896093058635074	1794.9185	1794.9275	12578	19181	Nyctalus leisleri	0.018	0.024	-1	Echolocation	192000	/home/adkris/Documents/mila-human-wav-txt/20220826_070000.WAV	250	Waveform 1	1
