Selection	View	Channel	Begin Time (s)	End Time (s)	Low Freq (Hz)	High Freq (Hz)	Manually-Verified Phonic Group	peak_frequency_time_SPECTROGRAM	peak_frequency_SPECTROGRAM	peak_frequency_WELCH	SNR	class	class_prob	det_prob	individual	Annotation	sampling_rate	input_file
1	Waveform 1	1	46.331500000	46.368000000	68437.000	81417.000	HF	46.364333333333335	75000.0	73920.0	2.264056209299075	Rhinolophus ferrumequinum	0.023	0.023	-1	Echolocation	192000	/home/adkris/Documents/mila-human-wav-txt/20220826_070000.WAV
1	Spectrogram 1	1	46.331500000	46.368000000	68437.000	81417.000	HF	46.364333333333335	75000.0	73920.0	2.264056209299075	Rhinolophus ferrumequinum	0.023	0.023	-1	Echolocation	192000	/home/adkris/Documents/mila-human-wav-txt/20220826_070000.WAV
2	Waveform 1	1	96.526500000	96.566300000	68437.000	82412.000	HF	96.55603333333332	67500.0	80640.0	2.370181752645244	Rhinolophus ferrumequinum	0.032	0.033	-1	Echolocation	192000	/home/adkris/Documents/mila-human-wav-txt/20220826_070000.WAV
2	Spectrogram 1	1	96.526500000	96.566300000	68437.000	82412.000	HF	96.55603333333332	67500.0	80640.0	2.370181752645244	Rhinolophus ferrumequinum	0.032	0.033	-1	Echolocation	192000	/home/adkris/Documents/mila-human-wav-txt/20220826_070000.WAV
3	Waveform 1	1	96.995500000	97.036900000	68437.000	82191.000	HF	97.0036	79500.0	72960.0	2.729397206548652	Rhinolophus ferrumequinum	0.026	0.026	-1	Echolocation	192000	/home/adkris/Documents/mila-human-wav-txt/20220826_070000.WAV
3	Spectrogram 1	1	96.995500000	97.036900000	68437.000	82191.000	HF	97.0036	79500.0	72960.0	2.729397206548652	Rhinolophus ferrumequinum	0.026	0.026	-1	Echolocation	192000	/home/adkris/Documents/mila-human-wav-txt/20220826_070000.WAV
4	Waveform 1	1	97.130500000	97.155400000	65000.000	75429.000	HF	97.13176666666666	65250.0	64320.00000000001	8.633158777101524	Rhinolophus ferrumequinum	0.019	0.024	-1	Echolocation	192000	/home/adkris/Documents/mila-human-wav-txt/20220826_070000.WAV
4	Spectrogram 1	1	97.130500000	97.155400000	65000.000	75429.000	HF	97.13176666666666	65250.0	64320.00000000001	8.633158777101524	Rhinolophus ferrumequinum	0.019	0.024	-1	Echolocation	192000	/home/adkris/Documents/mila-human-wav-txt/20220826_070000.WAV
5	Waveform 1	1	97.251500000	97.296600000	68437.000	83851.000	HF	97.25473333333332	78750.0	72000.0	2.357955299700418	Rhinolophus ferrumequinum	0.027	0.027	-1	Echolocation	192000	/home/adkris/Documents/mila-human-wav-txt/20220826_070000.WAV
5	Spectrogram 1	1	97.251500000	97.296600000	68437.000	83851.000	HF	97.25473333333332	78750.0	72000.0	2.357955299700418	Rhinolophus ferrumequinum	0.027	0.027	-1	Echolocation	192000	/home/adkris/Documents/mila-human-wav-txt/20220826_070000.WAV
6	Waveform 1	1	170.477500000	170.513900000	68437.000	81421.000	HF	170.47893333333332	78750.0	75840.0	3.007552193371668	Rhinolophus ferrumequinum	0.024	0.024	-1	Echolocation	192000	/home/adkris/Documents/mila-human-wav-txt/20220826_070000.WAV
6	Spectrogram 1	1	170.477500000	170.513900000	68437.000	81421.000	HF	170.47893333333332	78750.0	75840.0	3.007552193371668	Rhinolophus ferrumequinum	0.024	0.024	-1	Echolocation	192000	/home/adkris/Documents/mila-human-wav-txt/20220826_070000.WAV
7	Waveform 1	1	171.326500000	171.366500000	68437.000	81886.000	HF	171.34766666666667	71250.0	72000.0	4.693764111801587	Rhinolophus ferrumequinum	0.023	0.023	-1	Echolocation	192000	/home/adkris/Documents/mila-human-wav-txt/20220826_070000.WAV
7	Spectrogram 1	1	171.326500000	171.366500000	68437.000	81886.000	HF	171.34766666666667	71250.0	72000.0	4.693764111801587	Rhinolophus ferrumequinum	0.023	0.023	-1	Echolocation	192000	/home/adkris/Documents/mila-human-wav-txt/20220826_070000.WAV
8	Waveform 1	1	175.017500000	175.056000000	68437.000	81056.000	HF	175.03316666666666	74250.0	74880.0	2.401092850730538	Rhinolophus ferrumequinum	0.026	0.026	-1	Echolocation	192000	/home/adkris/Documents/mila-human-wav-txt/20220826_070000.WAV
8	Spectrogram 1	1	175.017500000	175.056000000	68437.000	81056.000	HF	175.03316666666666	74250.0	74880.0	2.401092850730538	Rhinolophus ferrumequinum	0.026	0.026	-1	Echolocation	192000	/home/adkris/Documents/mila-human-wav-txt/20220826_070000.WAV
9	Waveform 1	1	193.283500000	193.326700000	68437.000	83016.000	HF	193.2886333333333	71250.0	75840.0	2.340306019475543	Rhinolophus ferrumequinum	0.036	0.036	-1	Echolocation	192000	/home/adkris/Documents/mila-human-wav-txt/20220826_070000.WAV
9	Spectrogram 1	1	193.283500000	193.326700000	68437.000	83016.000	HF	193.2886333333333	71250.0	75840.0	2.340306019475543	Rhinolophus ferrumequinum	0.036	0.036	-1	Echolocation	192000	/home/adkris/Documents/mila-human-wav-txt/20220826_070000.WAV
10	Waveform 1	1	193.351500000	193.393200000	68437.000	82616.000	HF	193.3558	70500.0	71040.0	2.6184982104782213	Rhinolophus ferrumequinum	0.028	0.028	-1	Echolocation	192000	/home/adkris/Documents/mila-human-wav-txt/20220826_070000.WAV
10	Spectrogram 1	1	193.351500000	193.393200000	68437.000	82616.000	HF	193.3558	70500.0	71040.0	2.6184982104782213	Rhinolophus ferrumequinum	0.028	0.028	-1	Echolocation	192000	/home/adkris/Documents/mila-human-wav-txt/20220826_070000.WAV
11	Waveform 1	1	204.181500000	204.217200000	68437.000	81698.000	HF	204.1988	75750.0	74880.0	3.390504487275237	Rhinolophus ferrumequinum	0.028	0.028	-1	Echolocation	192000	/home/adkris/Documents/mila-human-wav-txt/20220826_070000.WAV
11	Spectrogram 1	1	204.181500000	204.217200000	68437.000	81698.000	HF	204.1988	75750.0	74880.0	3.390504487275237	Rhinolophus ferrumequinum	0.028	0.028	-1	Echolocation	192000	/home/adkris/Documents/mila-human-wav-txt/20220826_070000.WAV
12	Waveform 1	1	204.195500000	204.232000000	68437.000	81619.000	HF	204.19916666666663	75750.0	74880.0	2.3968873355191525	Rhinolophus ferrumequinum	0.025	0.025	-1	Echolocation	192000	/home/adkris/Documents/mila-human-wav-txt/20220826_070000.WAV
12	Spectrogram 1	1	204.195500000	204.232000000	68437.000	81619.000	HF	204.19916666666663	75750.0	74880.0	2.3968873355191525	Rhinolophus ferrumequinum	0.025	0.025	-1	Echolocation	192000	/home/adkris/Documents/mila-human-wav-txt/20220826_070000.WAV
13	Waveform 1	1	205.021500000	205.058100000	68437.000	80746.000	HF	205.03556666666668	74250.0	73920.0	2.1271303691192647	Rhinolophus ferrumequinum	0.033	0.033	-1	Echolocation	192000	/home/adkris/Documents/mila-human-wav-txt/20220826_070000.WAV
13	Spectrogram 1	1	205.021500000	205.058100000	68437.000	80746.000	HF	205.03556666666668	74250.0	73920.0	2.1271303691192647	Rhinolophus ferrumequinum	0.033	0.033	-1	Echolocation	192000	/home/adkris/Documents/mila-human-wav-txt/20220826_070000.WAV
14	Waveform 1	1	205.842500000	205.884100000	68437.000	82861.000	HF	205.8772333333333	75000.0	74880.0	2.331676010348661	Rhinolophus ferrumequinum	0.026	0.026	-1	Echolocation	192000	/home/adkris/Documents/mila-human-wav-txt/20220826_070000.WAV
14	Spectrogram 1	1	205.842500000	205.884100000	68437.000	82861.000	HF	205.8772333333333	75000.0	74880.0	2.331676010348661	Rhinolophus ferrumequinum	0.026	0.026	-1	Echolocation	192000	/home/adkris/Documents/mila-human-wav-txt/20220826_070000.WAV
15	Waveform 1	1	205.863500000	205.906600000	68437.000	82405.000	HF	205.88156666666663	72750.0	74880.0	2.2757802871292725	Rhinolophus ferrumequinum	0.042	0.042	-1	Echolocation	192000	/home/adkris/Documents/mila-human-wav-txt/20220826_070000.WAV
15	Spectrogram 1	1	205.863500000	205.906600000	68437.000	82405.000	HF	205.88156666666663	72750.0	74880.0	2.2757802871292725	Rhinolophus ferrumequinum	0.042	0.042	-1	Echolocation	192000	/home/adkris/Documents/mila-human-wav-txt/20220826_070000.WAV
16	Waveform 1	1	307.552500000	307.592600000	68437.000	82722.000	HF	307.5922333333333	78000.0	75840.0	2.225026631921846	Rhinolophus ferrumequinum	0.027	0.027	-1	Echolocation	192000	/home/adkris/Documents/mila-human-wav-txt/20220826_070000.WAV
16	Spectrogram 1	1	307.552500000	307.592600000	68437.000	82722.000	HF	307.5922333333333	78000.0	75840.0	2.225026631921846	Rhinolophus ferrumequinum	0.027	0.027	-1	Echolocation	192000	/home/adkris/Documents/mila-human-wav-txt/20220826_070000.WAV
17	Waveform 1	1	307.580500000	307.617500000	68437.000	81777.000	HF	307.593	76500.0	75840.0	3.026558284076684	Rhinolophus ferrumequinum	0.033	0.033	-1	Echolocation	192000	/home/adkris/Documents/mila-human-wav-txt/20220826_070000.WAV
17	Spectrogram 1	1	307.580500000	307.617500000	68437.000	81777.000	HF	307.593	76500.0	75840.0	3.026558284076684	Rhinolophus ferrumequinum	0.033	0.033	-1	Echolocation	192000	/home/adkris/Documents/mila-human-wav-txt/20220826_070000.WAV
18	Waveform 1	1	308.257500000	308.292700000	68437.000	81764.000	HF	308.2706333333333	72000.0	72000.0	3.5642065385679467	Rhinolophus ferrumequinum	0.027	0.027	-1	Echolocation	192000	/home/adkris/Documents/mila-human-wav-txt/20220826_070000.WAV
18	Spectrogram 1	1	308.257500000	308.292700000	68437.000	81764.000	HF	308.2706333333333	72000.0	72000.0	3.5642065385679467	Rhinolophus ferrumequinum	0.027	0.027	-1	Echolocation	192000	/home/adkris/Documents/mila-human-wav-txt/20220826_070000.WAV
19	Waveform 1	1	309.770500000	309.810200000	68437.000	82682.000	HF	309.8036333333333	76500.0	72000.0	2.9522652216145	Rhinolophus ferrumequinum	0.023	0.023	-1	Echolocation	192000	/home/adkris/Documents/mila-human-wav-txt/20220826_070000.WAV
19	Spectrogram 1	1	309.770500000	309.810200000	68437.000	82682.000	HF	309.8036333333333	76500.0	72000.0	2.9522652216145	Rhinolophus ferrumequinum	0.023	0.023	-1	Echolocation	192000	/home/adkris/Documents/mila-human-wav-txt/20220826_070000.WAV
20	Waveform 1	1	309.801500000	309.837400000	68437.000	81942.000	HF	309.80926666666664	72000.0	74880.0	2.8561478347400926	Rhinolophus ferrumequinum	0.028	0.028	-1	Echolocation	192000	/home/adkris/Documents/mila-human-wav-txt/20220826_070000.WAV
20	Spectrogram 1	1	309.801500000	309.837400000	68437.000	81942.000	HF	309.80926666666664	72000.0	74880.0	2.8561478347400926	Rhinolophus ferrumequinum	0.028	0.028	-1	Echolocation	192000	/home/adkris/Documents/mila-human-wav-txt/20220826_070000.WAV
21	Waveform 1	1	321.510500000	321.547000000	68437.000	82141.000	HF	321.5235	76500.0	73920.0	2.1931702502302928	Rhinolophus ferrumequinum	0.033	0.033	-1	Echolocation	192000	/home/adkris/Documents/mila-human-wav-txt/20220826_070000.WAV
21	Spectrogram 1	1	321.510500000	321.547000000	68437.000	82141.000	HF	321.5235	76500.0	73920.0	2.1931702502302928	Rhinolophus ferrumequinum	0.033	0.033	-1	Echolocation	192000	/home/adkris/Documents/mila-human-wav-txt/20220826_070000.WAV
22	Waveform 1	1	367.418500000	367.446400000	68437.000	80628.000	HF	367.4214333333333	72750.0	70080.0	2.6184487125165425	Rhinolophus ferrumequinum	0.026	0.026	-1	Echolocation	192000	/home/adkris/Documents/mila-human-wav-txt/20220826_070000.WAV
22	Spectrogram 1	1	367.418500000	367.446400000	68437.000	80628.000	HF	367.4214333333333	72750.0	70080.0	2.6184487125165425	Rhinolophus ferrumequinum	0.026	0.026	-1	Echolocation	192000	/home/adkris/Documents/mila-human-wav-txt/20220826_070000.WAV
23	Waveform 1	1	367.625500000	367.659300000	68437.000	81787.000	HF	367.6307	81750.0	81600.0	2.5113795366408658	Rhinolophus ferrumequinum	0.027	0.027	-1	Echolocation	192000	/home/adkris/Documents/mila-human-wav-txt/20220826_070000.WAV
23	Spectrogram 1	1	367.625500000	367.659300000	68437.000	81787.000	HF	367.6307	81750.0	81600.0	2.5113795366408658	Rhinolophus ferrumequinum	0.027	0.027	-1	Echolocation	192000	/home/adkris/Documents/mila-human-wav-txt/20220826_070000.WAV
24	Waveform 1	1	368.001500000	368.025500000	69296.000	82057.000	HF	368.0165	83250.0	81600.0	3.810073485816847	Rhinolophus ferrumequinum	0.037	0.037	-1	Echolocation	192000	/home/adkris/Documents/mila-human-wav-txt/20220826_070000.WAV
24	Spectrogram 1	1	368.001500000	368.025500000	69296.000	82057.000	HF	368.0165	83250.0	81600.0	3.810073485816847	Rhinolophus ferrumequinum	0.037	0.037	-1	Echolocation	192000	/home/adkris/Documents/mila-human-wav-txt/20220826_070000.WAV
25	Waveform 1	1	368.294500000	368.322500000	68437.000	81110.000	HF	368.2961666666666	71250.0	79680.0	5.260967064177291	Rhinolophus ferrumequinum	0.024	0.024	-1	Echolocation	192000	/home/adkris/Documents/mila-human-wav-txt/20220826_070000.WAV
25	Spectrogram 1	1	368.294500000	368.322500000	68437.000	81110.000	HF	368.2961666666666	71250.0	79680.0	5.260967064177291	Rhinolophus ferrumequinum	0.024	0.024	-1	Echolocation	192000	/home/adkris/Documents/mila-human-wav-txt/20220826_070000.WAV
26	Waveform 1	1	368.568500000	368.599000000	68437.000	80902.000	HF	368.58166666666665	80250.0	79680.0	2.247197946053266	Rhinolophus ferrumequinum	0.023	0.023	-1	Echolocation	192000	/home/adkris/Documents/mila-human-wav-txt/20220826_070000.WAV
26	Spectrogram 1	1	368.568500000	368.599000000	68437.000	80902.000	HF	368.58166666666665	80250.0	79680.0	2.247197946053266	Rhinolophus ferrumequinum	0.023	0.023	-1	Echolocation	192000	/home/adkris/Documents/mila-human-wav-txt/20220826_070000.WAV
27	Waveform 1	1	368.755500000	368.785200000	68437.000	82236.000	HF	368.75663333333335	69000.0	69120.0	2.9364267615585526	Rhinolophus ferrumequinum	0.024	0.024	-1	Echolocation	192000	/home/adkris/Documents/mila-human-wav-txt/20220826_070000.WAV
27	Spectrogram 1	1	368.755500000	368.785200000	68437.000	82236.000	HF	368.75663333333335	69000.0	69120.0	2.9364267615585526	Rhinolophus ferrumequinum	0.024	0.024	-1	Echolocation	192000	/home/adkris/Documents/mila-human-wav-txt/20220826_070000.WAV
28	Waveform 1	1	401.357500000	401.396100000	68437.000	82875.000	HF	401.3847333333333	72750.0	74880.0	2.302050437476973	Rhinolophus ferrumequinum	0.026	0.026	-1	Echolocation	192000	/home/adkris/Documents/mila-human-wav-txt/20220826_070000.WAV
28	Spectrogram 1	1	401.357500000	401.396100000	68437.000	82875.000	HF	401.3847333333333	72750.0	74880.0	2.302050437476973	Rhinolophus ferrumequinum	0.026	0.026	-1	Echolocation	192000	/home/adkris/Documents/mila-human-wav-txt/20220826_070000.WAV
29	Waveform 1	1	402.405500000	402.440700000	68437.000	80963.000	HF	402.4198	71250.0	72960.0	2.5538075759123786	Rhinolophus ferrumequinum	0.023	0.023	-1	Echolocation	192000	/home/adkris/Documents/mila-human-wav-txt/20220826_070000.WAV
29	Spectrogram 1	1	402.405500000	402.440700000	68437.000	80963.000	HF	402.4198	71250.0	72960.0	2.5538075759123786	Rhinolophus ferrumequinum	0.023	0.023	-1	Echolocation	192000	/home/adkris/Documents/mila-human-wav-txt/20220826_070000.WAV
30	Waveform 1	1	474.822500000	474.856400000	68437.000	81885.000	HF	474.8486	73500.0	74880.0	2.291899115687059	Rhinolophus ferrumequinum	0.029	0.029	-1	Echolocation	192000	/home/adkris/Documents/mila-human-wav-txt/20220826_070000.WAV
30	Spectrogram 1	1	474.822500000	474.856400000	68437.000	81885.000	HF	474.8486	73500.0	74880.0	2.291899115687059	Rhinolophus ferrumequinum	0.029	0.029	-1	Echolocation	192000	/home/adkris/Documents/mila-human-wav-txt/20220826_070000.WAV
31	Waveform 1	1	474.830500000	474.861900000	68437.000	81060.000	HF	474.8486	73500.0	74880.0	2.9103847849918307	Rhinolophus ferrumequinum	0.028	0.028	-1	Echolocation	192000	/home/adkris/Documents/mila-human-wav-txt/20220826_070000.WAV
31	Spectrogram 1	1	474.830500000	474.861900000	68437.000	81060.000	HF	474.8486	73500.0	74880.0	2.9103847849918307	Rhinolophus ferrumequinum	0.028	0.028	-1	Echolocation	192000	/home/adkris/Documents/mila-human-wav-txt/20220826_070000.WAV
32	Waveform 1	1	484.783500000	484.819000000	68437.000	81595.000	HF	484.8068333333333	74250.0	75840.0	8.382041724438945	Rhinolophus ferrumequinum	0.023	0.023	-1	Echolocation	192000	/home/adkris/Documents/mila-human-wav-txt/20220826_070000.WAV
32	Spectrogram 1	1	484.783500000	484.819000000	68437.000	81595.000	HF	484.8068333333333	74250.0	75840.0	8.382041724438945	Rhinolophus ferrumequinum	0.023	0.023	-1	Echolocation	192000	/home/adkris/Documents/mila-human-wav-txt/20220826_070000.WAV
33	Waveform 1	1	485.354500000	485.393400000	68437.000	82679.000	HF	485.3919333333333	77250.0	76800.0	2.8752132279621905	Rhinolophus ferrumequinum	0.021	0.021	-1	Echolocation	192000	/home/adkris/Documents/mila-human-wav-txt/20220826_070000.WAV
33	Spectrogram 1	1	485.354500000	485.393400000	68437.000	82679.000	HF	485.3919333333333	77250.0	76800.0	2.8752132279621905	Rhinolophus ferrumequinum	0.021	0.021	-1	Echolocation	192000	/home/adkris/Documents/mila-human-wav-txt/20220826_070000.WAV
34	Waveform 1	1	485.861500000	485.899600000	68437.000	81910.000	HF	485.8740666666667	75000.0	75840.0	3.65012750668696	Rhinolophus ferrumequinum	0.023	0.023	-1	Echolocation	192000	/home/adkris/Documents/mila-human-wav-txt/20220826_070000.WAV
34	Spectrogram 1	1	485.861500000	485.899600000	68437.000	81910.000	HF	485.8740666666667	75000.0	75840.0	3.65012750668696	Rhinolophus ferrumequinum	0.023	0.023	-1	Echolocation	192000	/home/adkris/Documents/mila-human-wav-txt/20220826_070000.WAV
35	Waveform 1	1	486.530500000	486.575500000	68437.000	83979.000	HF	486.57233333333335	77250.0	76800.0	2.3702796185620274	Rhinolophus ferrumequinum	0.061	0.061	-1	Echolocation	192000	/home/adkris/Documents/mila-human-wav-txt/20220826_070000.WAV
35	Spectrogram 1	1	486.530500000	486.575500000	68437.000	83979.000	HF	486.57233333333335	77250.0	76800.0	2.3702796185620274	Rhinolophus ferrumequinum	0.061	0.061	-1	Echolocation	192000	/home/adkris/Documents/mila-human-wav-txt/20220826_070000.WAV
36	Waveform 1	1	486.568500000	486.607100000	68437.000	81780.000	HF	486.5864	73500.0	74880.0	6.903241988011444	Rhinolophus ferrumequinum	0.025	0.025	-1	Echolocation	192000	/home/adkris/Documents/mila-human-wav-txt/20220826_070000.WAV
36	Spectrogram 1	1	486.568500000	486.607100000	68437.000	81780.000	HF	486.5864	73500.0	74880.0	6.903241988011444	Rhinolophus ferrumequinum	0.025	0.025	-1	Echolocation	192000	/home/adkris/Documents/mila-human-wav-txt/20220826_070000.WAV
37	Waveform 1	1	486.577500000	486.615600000	68437.000	81640.000	HF	486.5865666666666	73500.0	73920.0	4.614031317683214	Rhinolophus ferrumequinum	0.026	0.026	-1	Echolocation	192000	/home/adkris/Documents/mila-human-wav-txt/20220826_070000.WAV
37	Spectrogram 1	1	486.577500000	486.615600000	68437.000	81640.000	HF	486.5865666666666	73500.0	73920.0	4.614031317683214	Rhinolophus ferrumequinum	0.026	0.026	-1	Echolocation	192000	/home/adkris/Documents/mila-human-wav-txt/20220826_070000.WAV
38	Waveform 1	1	487.601500000	487.636300000	68437.000	81090.000	HF	487.6138666666666	71250.0	72960.0	2.2244860885729034	Rhinolophus ferrumequinum	0.027	0.027	-1	Echolocation	192000	/home/adkris/Documents/mila-human-wav-txt/20220826_070000.WAV
38	Spectrogram 1	1	487.601500000	487.636300000	68437.000	81090.000	HF	487.6138666666666	71250.0	72960.0	2.2244860885729034	Rhinolophus ferrumequinum	0.027	0.027	-1	Echolocation	192000	/home/adkris/Documents/mila-human-wav-txt/20220826_070000.WAV
39	Waveform 1	1	488.154500000	488.192300000	68437.000	81360.000	HF	488.16386666666665	78000.0	76800.0	4.699826979604978	Rhinolophus ferrumequinum	0.025	0.025	-1	Echolocation	192000	/home/adkris/Documents/mila-human-wav-txt/20220826_070000.WAV
39	Spectrogram 1	1	488.154500000	488.192300000	68437.000	81360.000	HF	488.16386666666665	78000.0	76800.0	4.699826979604978	Rhinolophus ferrumequinum	0.025	0.025	-1	Echolocation	192000	/home/adkris/Documents/mila-human-wav-txt/20220826_070000.WAV
40	Waveform 1	1	488.875500000	488.910000000	67578.000	80081.000	HF	488.88233333333335	78000.0	75840.0	8.21788258191363	Rhinolophus ferrumequinum	0.028	0.028	-1	Echolocation	192000	/home/adkris/Documents/mila-human-wav-txt/20220826_070000.WAV
40	Spectrogram 1	1	488.875500000	488.910000000	67578.000	80081.000	HF	488.88233333333335	78000.0	75840.0	8.21788258191363	Rhinolophus ferrumequinum	0.028	0.028	-1	Echolocation	192000	/home/adkris/Documents/mila-human-wav-txt/20220826_070000.WAV
41	Waveform 1	1	721.931500000	721.970000000	68437.000	81935.000	HF	721.9518333333333	78750.0	78720.0	2.249911978704356	Rhinolophus ferrumequinum	0.021	0.021	-1	Echolocation	192000	/home/adkris/Documents/mila-human-wav-txt/20220826_070000.WAV
41	Spectrogram 1	1	721.931500000	721.970000000	68437.000	81935.000	HF	721.9518333333333	78750.0	78720.0	2.249911978704356	Rhinolophus ferrumequinum	0.021	0.021	-1	Echolocation	192000	/home/adkris/Documents/mila-human-wav-txt/20220826_070000.WAV
42	Waveform 1	1	750.001500000	750.028600000	70156.000	82140.000	HF	750.0018333333334	81750.0	73920.0	2.092929084362332	Rhinolophus ferrumequinum	0.024	0.025	-1	Echolocation	192000	/home/adkris/Documents/mila-human-wav-txt/20220826_070000.WAV
42	Spectrogram 1	1	750.001500000	750.028600000	70156.000	82140.000	HF	750.0018333333334	81750.0	73920.0	2.092929084362332	Rhinolophus ferrumequinum	0.024	0.025	-1	Echolocation	192000	/home/adkris/Documents/mila-human-wav-txt/20220826_070000.WAV
43	Waveform 1	1	965.138500000	965.174000000	68437.000	81445.000	HF	965.1711666666666	77250.0	76800.0	2.1966358001152697	Rhinolophus ferrumequinum	0.025	0.026	-1	Echolocation	192000	/home/adkris/Documents/mila-human-wav-txt/20220826_070000.WAV
43	Spectrogram 1	1	965.138500000	965.174000000	68437.000	81445.000	HF	965.1711666666666	77250.0	76800.0	2.1966358001152697	Rhinolophus ferrumequinum	0.025	0.026	-1	Echolocation	192000	/home/adkris/Documents/mila-human-wav-txt/20220826_070000.WAV
44	Waveform 1	1	965.722500000	965.759100000	69296.000	81916.000	HF	965.7307333333332	83250.0	76800.0	4.129664296348691	Rhinolophus ferrumequinum	0.023	0.023	-1	Echolocation	192000	/home/adkris/Documents/mila-human-wav-txt/20220826_070000.WAV
44	Spectrogram 1	1	965.722500000	965.759100000	69296.000	81916.000	HF	965.7307333333332	83250.0	76800.0	4.129664296348691	Rhinolophus ferrumequinum	0.023	0.023	-1	Echolocation	192000	/home/adkris/Documents/mila-human-wav-txt/20220826_070000.WAV
45	Waveform 1	1	1007.898500000	1007.930100000	68437.000	80972.000	HF	1007.9222333333332	76500.0	75840.0	3.733926191891512	Rhinolophus ferrumequinum	0.022	0.022	-1	Echolocation	192000	/home/adkris/Documents/mila-human-wav-txt/20220826_070000.WAV
45	Spectrogram 1	1	1007.898500000	1007.930100000	68437.000	80972.000	HF	1007.9222333333332	76500.0	75840.0	3.733926191891512	Rhinolophus ferrumequinum	0.022	0.022	-1	Echolocation	192000	/home/adkris/Documents/mila-human-wav-txt/20220826_070000.WAV
46	Waveform 1	1	1009.891500000	1009.933400000	68437.000	82667.000	HF	1009.9317666666668	79500.0	78720.0	2.437593754758714	Rhinolophus ferrumequinum	0.024	0.024	-1	Echolocation	192000	/home/adkris/Documents/mila-human-wav-txt/20220826_070000.WAV
46	Spectrogram 1	1	1009.891500000	1009.933400000	68437.000	82667.000	HF	1009.9317666666668	79500.0	78720.0	2.437593754758714	Rhinolophus ferrumequinum	0.024	0.024	-1	Echolocation	192000	/home/adkris/Documents/mila-human-wav-txt/20220826_070000.WAV
47	Waveform 1	1	1010.629500000	1010.664000000	68437.000	81340.000	HF	1010.6433333333332	78750.0	77760.0	5.5300484556901885	Rhinolophus ferrumequinum	0.023	0.023	-1	Echolocation	192000	/home/adkris/Documents/mila-human-wav-txt/20220826_070000.WAV
47	Spectrogram 1	1	1010.629500000	1010.664000000	68437.000	81340.000	HF	1010.6433333333332	78750.0	77760.0	5.5300484556901885	Rhinolophus ferrumequinum	0.023	0.023	-1	Echolocation	192000	/home/adkris/Documents/mila-human-wav-txt/20220826_070000.WAV
48	Waveform 1	1	1011.419500000	1011.462700000	68437.000	82163.000	HF	1011.4258	82500.0	82560.0	2.14577614713248	Rhinolophus ferrumequinum	0.052	0.052	-1	Echolocation	192000	/home/adkris/Documents/mila-human-wav-txt/20220826_070000.WAV
48	Spectrogram 1	1	1011.419500000	1011.462700000	68437.000	82163.000	HF	1011.4258	82500.0	82560.0	2.14577614713248	Rhinolophus ferrumequinum	0.052	0.052	-1	Echolocation	192000	/home/adkris/Documents/mila-human-wav-txt/20220826_070000.WAV
49	Waveform 1	1	1011.557500000	1011.596600000	68437.000	82101.000	HF	1011.5935666666668	80250.0	79680.0	2.0362748133255986	Rhinolophus ferrumequinum	0.024	0.024	-1	Echolocation	192000	/home/adkris/Documents/mila-human-wav-txt/20220826_070000.WAV
49	Spectrogram 1	1	1011.557500000	1011.596600000	68437.000	82101.000	HF	1011.5935666666668	80250.0	79680.0	2.0362748133255986	Rhinolophus ferrumequinum	0.024	0.024	-1	Echolocation	192000	/home/adkris/Documents/mila-human-wav-txt/20220826_070000.WAV
50	Waveform 1	1	1011.770500000	1011.810200000	68437.000	82458.000	HF	1011.8036333333332	80250.0	78720.0	6.228761665035465	Rhinolophus ferrumequinum	0.028	0.028	-1	Echolocation	192000	/home/adkris/Documents/mila-human-wav-txt/20220826_070000.WAV
50	Spectrogram 1	1	1011.770500000	1011.810200000	68437.000	82458.000	HF	1011.8036333333332	80250.0	78720.0	6.228761665035465	Rhinolophus ferrumequinum	0.028	0.028	-1	Echolocation	192000	/home/adkris/Documents/mila-human-wav-txt/20220826_070000.WAV
51	Waveform 1	1	1012.161500000	1012.198700000	68437.000	82292.000	HF	1012.1983	77250.0	77760.0	7.197051808349341	Rhinolophus ferrumequinum	0.033	0.033	-1	Echolocation	192000	/home/adkris/Documents/mila-human-wav-txt/20220826_070000.WAV
51	Spectrogram 1	1	1012.161500000	1012.198700000	68437.000	82292.000	HF	1012.1983	77250.0	77760.0	7.197051808349341	Rhinolophus ferrumequinum	0.033	0.033	-1	Echolocation	192000	/home/adkris/Documents/mila-human-wav-txt/20220826_070000.WAV
52	Waveform 1	1	1012.171500000	1012.205000000	68437.000	81316.000	HF	1012.1933333333334	78750.0	75840.0	9.545880968705395	Rhinolophus ferrumequinum	0.023	0.023	-1	Echolocation	192000	/home/adkris/Documents/mila-human-wav-txt/20220826_070000.WAV
52	Spectrogram 1	1	1012.171500000	1012.205000000	68437.000	81316.000	HF	1012.1933333333334	78750.0	75840.0	9.545880968705395	Rhinolophus ferrumequinum	0.023	0.023	-1	Echolocation	192000	/home/adkris/Documents/mila-human-wav-txt/20220826_070000.WAV
53	Waveform 1	1	1012.915500000	1012.952200000	68437.000	81061.000	HF	1012.9411333333334	81000.0	80640.0	2.2349181986707527	Rhinolophus ferrumequinum	0.023	0.023	-1	Echolocation	192000	/home/adkris/Documents/mila-human-wav-txt/20220826_070000.WAV
53	Spectrogram 1	1	1012.915500000	1012.952200000	68437.000	81061.000	HF	1012.9411333333334	81000.0	80640.0	2.2349181986707527	Rhinolophus ferrumequinum	0.023	0.023	-1	Echolocation	192000	/home/adkris/Documents/mila-human-wav-txt/20220826_070000.WAV
54	Waveform 1	1	1013.386500000	1013.421200000	68437.000	81204.000	HF	1013.4164666666668	77250.0	79680.0	3.044377891502127	Rhinolophus ferrumequinum	0.023	0.023	-1	Echolocation	192000	/home/adkris/Documents/mila-human-wav-txt/20220826_070000.WAV
54	Spectrogram 1	1	1013.386500000	1013.421200000	68437.000	81204.000	HF	1013.4164666666668	77250.0	79680.0	3.044377891502127	Rhinolophus ferrumequinum	0.023	0.023	-1	Echolocation	192000	/home/adkris/Documents/mila-human-wav-txt/20220826_070000.WAV
55	Waveform 1	1	1013.624500000	1013.661000000	68437.000	82130.000	HF	1013.6573333333332	80250.0	78720.0	8.773483470462146	Rhinolophus ferrumequinum	0.026	0.026	-1	Echolocation	192000	/home/adkris/Documents/mila-human-wav-txt/20220826_070000.WAV
55	Spectrogram 1	1	1013.624500000	1013.661000000	68437.000	82130.000	HF	1013.6573333333332	80250.0	78720.0	8.773483470462146	Rhinolophus ferrumequinum	0.026	0.026	-1	Echolocation	192000	/home/adkris/Documents/mila-human-wav-txt/20220826_070000.WAV
56	Waveform 1	1	1013.646500000	1013.687900000	68437.000	82350.000	HF	1013.6569333333332	80250.0	78720.0	9.065968700736567	Rhinolophus ferrumequinum	0.026	0.026	-1	Echolocation	192000	/home/adkris/Documents/mila-human-wav-txt/20220826_070000.WAV
56	Spectrogram 1	1	1013.646500000	1013.687900000	68437.000	82350.000	HF	1013.6569333333332	80250.0	78720.0	9.065968700736567	Rhinolophus ferrumequinum	0.026	0.026	-1	Echolocation	192000	/home/adkris/Documents/mila-human-wav-txt/20220826_070000.WAV
57	Waveform 1	1	1013.866500000	1013.906500000	68437.000	82562.000	HF	1013.9051666666668	75750.0	75840.0	4.352472442105802	Rhinolophus ferrumequinum	0.022	0.022	-1	Echolocation	192000	/home/adkris/Documents/mila-human-wav-txt/20220826_070000.WAV
57	Spectrogram 1	1	1013.866500000	1013.906500000	68437.000	82562.000	HF	1013.9051666666668	75750.0	75840.0	4.352472442105802	Rhinolophus ferrumequinum	0.022	0.022	-1	Echolocation	192000	/home/adkris/Documents/mila-human-wav-txt/20220826_070000.WAV
58	Waveform 1	1	1014.144500000	1014.182900000	68437.000	82231.000	HF	1014.1556	80250.0	78720.0	10.659813668687704	Rhinolophus ferrumequinum	0.026	0.026	-1	Echolocation	192000	/home/adkris/Documents/mila-human-wav-txt/20220826_070000.WAV
58	Spectrogram 1	1	1014.144500000	1014.182900000	68437.000	82231.000	HF	1014.1556	80250.0	78720.0	10.659813668687704	Rhinolophus ferrumequinum	0.026	0.026	-1	Echolocation	192000	/home/adkris/Documents/mila-human-wav-txt/20220826_070000.WAV
59	Waveform 1	1	1014.153500000	1014.193400000	68437.000	82558.000	HF	1014.1549333333334	81000.0	77760.0	10.585202364872844	Rhinolophus ferrumequinum	0.026	0.026	-1	Echolocation	192000	/home/adkris/Documents/mila-human-wav-txt/20220826_070000.WAV
59	Spectrogram 1	1	1014.153500000	1014.193400000	68437.000	82558.000	HF	1014.1549333333334	81000.0	77760.0	10.585202364872844	Rhinolophus ferrumequinum	0.026	0.026	-1	Echolocation	192000	/home/adkris/Documents/mila-human-wav-txt/20220826_070000.WAV
60	Waveform 1	1	1014.396500000	1014.432000000	68437.000	81174.000	HF	1014.428	76500.0	75840.0	4.976086898999462	Rhinolophus ferrumequinum	0.022	0.022	-1	Echolocation	192000	/home/adkris/Documents/mila-human-wav-txt/20220826_070000.WAV
60	Spectrogram 1	1	1014.396500000	1014.432000000	68437.000	81174.000	HF	1014.428	76500.0	75840.0	4.976086898999462	Rhinolophus ferrumequinum	0.022	0.022	-1	Echolocation	192000	/home/adkris/Documents/mila-human-wav-txt/20220826_070000.WAV
61	Waveform 1	1	1014.420500000	1014.462100000	68437.000	81508.000	HF	1014.4249	76500.0	75840.0	6.059155848823452	Rhinolophus ferrumequinum	0.022	0.022	-1	Echolocation	192000	/home/adkris/Documents/mila-human-wav-txt/20220826_070000.WAV
61	Spectrogram 1	1	1014.420500000	1014.462100000	68437.000	81508.000	HF	1014.4249	76500.0	75840.0	6.059155848823452	Rhinolophus ferrumequinum	0.022	0.022	-1	Echolocation	192000	/home/adkris/Documents/mila-human-wav-txt/20220826_070000.WAV
62	Waveform 1	1	1014.681500000	1014.721200000	68437.000	82086.000	HF	1014.7099666666668	80250.0	77760.0	7.67183603924	Rhinolophus ferrumequinum	0.024	0.024	-1	Echolocation	192000	/home/adkris/Documents/mila-human-wav-txt/20220826_070000.WAV
62	Spectrogram 1	1	1014.681500000	1014.721200000	68437.000	82086.000	HF	1014.7099666666668	80250.0	77760.0	7.67183603924	Rhinolophus ferrumequinum	0.024	0.024	-1	Echolocation	192000	/home/adkris/Documents/mila-human-wav-txt/20220826_070000.WAV
63	Waveform 1	1	1014.698500000	1014.736900000	68437.000	81740.000	HF	1014.7166	77250.0	77760.0	8.693264629976238	Rhinolophus ferrumequinum	0.021	0.022	-1	Echolocation	192000	/home/adkris/Documents/mila-human-wav-txt/20220826_070000.WAV
63	Spectrogram 1	1	1014.698500000	1014.736900000	68437.000	81740.000	HF	1014.7166	77250.0	77760.0	8.693264629976238	Rhinolophus ferrumequinum	0.021	0.022	-1	Echolocation	192000	/home/adkris/Documents/mila-human-wav-txt/20220826_070000.WAV
64	Waveform 1	1	1014.891500000	1014.931500000	68437.000	82215.000	HF	1014.9173333333332	80250.0	80640.0	5.972300158604206	Rhinolophus ferrumequinum	0.026	0.026	-1	Echolocation	192000	/home/adkris/Documents/mila-human-wav-txt/20220826_070000.WAV
64	Spectrogram 1	1	1014.891500000	1014.931500000	68437.000	82215.000	HF	1014.9173333333332	80250.0	80640.0	5.972300158604206	Rhinolophus ferrumequinum	0.026	0.026	-1	Echolocation	192000	/home/adkris/Documents/mila-human-wav-txt/20220826_070000.WAV
65	Waveform 1	1	1014.900500000	1014.940100000	68437.000	82313.000	HF	1014.9174	80250.0	80640.0	5.908239738931292	Rhinolophus ferrumequinum	0.026	0.026	-1	Echolocation	192000	/home/adkris/Documents/mila-human-wav-txt/20220826_070000.WAV
65	Spectrogram 1	1	1014.900500000	1014.940100000	68437.000	82313.000	HF	1014.9174	80250.0	80640.0	5.908239738931292	Rhinolophus ferrumequinum	0.026	0.026	-1	Echolocation	192000	/home/adkris/Documents/mila-human-wav-txt/20220826_070000.WAV
66	Waveform 1	1	1014.908500000	1014.954300000	68437.000	82970.000	HF	1014.9122	81750.0	80640.0	5.582156197617531	Rhinolophus ferrumequinum	0.037	0.037	-1	Echolocation	192000	/home/adkris/Documents/mila-human-wav-txt/20220826_070000.WAV
66	Spectrogram 1	1	1014.908500000	1014.954300000	68437.000	82970.000	HF	1014.9122	81750.0	80640.0	5.582156197617531	Rhinolophus ferrumequinum	0.037	0.037	-1	Echolocation	192000	/home/adkris/Documents/mila-human-wav-txt/20220826_070000.WAV
67	Waveform 1	1	1015.130500000	1015.168400000	68437.000	82115.000	HF	1015.1421	78000.0	77760.0	2.0423362837564363	Rhinolophus ferrumequinum	0.023	0.023	-1	Echolocation	192000	/home/adkris/Documents/mila-human-wav-txt/20220826_070000.WAV
67	Spectrogram 1	1	1015.130500000	1015.168400000	68437.000	82115.000	HF	1015.1421	78000.0	77760.0	2.0423362837564363	Rhinolophus ferrumequinum	0.023	0.023	-1	Echolocation	192000	/home/adkris/Documents/mila-human-wav-txt/20220826_070000.WAV
68	Waveform 1	1	1130.482500000	1130.521000000	68437.000	81795.000	HF	1130.5191666666667	82500.0	82560.0	3.691290488554409	Rhinolophus ferrumequinum	0.021	0.021	-1	Echolocation	192000	/home/adkris/Documents/mila-human-wav-txt/20220826_070000.WAV
68	Spectrogram 1	1	1130.482500000	1130.521000000	68437.000	81795.000	HF	1130.5191666666667	82500.0	82560.0	3.691290488554409	Rhinolophus ferrumequinum	0.021	0.021	-1	Echolocation	192000	/home/adkris/Documents/mila-human-wav-txt/20220826_070000.WAV
69	Waveform 1	1	1130.510500000	1130.554200000	68437.000	82323.000	HF	1130.5186333333334	83250.0	82560.0	4.298559159953916	Rhinolophus ferrumequinum	0.041	0.041	-1	Echolocation	192000	/home/adkris/Documents/mila-human-wav-txt/20220826_070000.WAV
69	Spectrogram 1	1	1130.510500000	1130.554200000	68437.000	82323.000	HF	1130.5186333333334	83250.0	82560.0	4.298559159953916	Rhinolophus ferrumequinum	0.041	0.041	-1	Echolocation	192000	/home/adkris/Documents/mila-human-wav-txt/20220826_070000.WAV
70	Waveform 1	1	1131.020500000	1131.058600000	68437.000	81870.000	HF	1131.0284	83250.0	81600.0	5.905408201719068	Rhinolophus ferrumequinum	0.022	0.022	-1	Echolocation	192000	/home/adkris/Documents/mila-human-wav-txt/20220826_070000.WAV
70	Spectrogram 1	1	1131.020500000	1131.058600000	68437.000	81870.000	HF	1131.0284	83250.0	81600.0	5.905408201719068	Rhinolophus ferrumequinum	0.022	0.022	-1	Echolocation	192000	/home/adkris/Documents/mila-human-wav-txt/20220826_070000.WAV
71	Waveform 1	1	1131.864500000	1131.899500000	68437.000	81502.000	HF	1131.8825	81750.0	81600.0	3.2488736663119018	Rhinolophus ferrumequinum	0.022	0.023	-1	Echolocation	192000	/home/adkris/Documents/mila-human-wav-txt/20220826_070000.WAV
71	Spectrogram 1	1	1131.864500000	1131.899500000	68437.000	81502.000	HF	1131.8825	81750.0	81600.0	3.2488736663119018	Rhinolophus ferrumequinum	0.022	0.023	-1	Echolocation	192000	/home/adkris/Documents/mila-human-wav-txt/20220826_070000.WAV
72	Waveform 1	1	1131.877500000	1131.921600000	68437.000	82916.000	HF	1131.8829	81750.0	81600.0	3.5934986493170924	Rhinolophus ferrumequinum	0.042	0.042	-1	Echolocation	192000	/home/adkris/Documents/mila-human-wav-txt/20220826_070000.WAV
72	Spectrogram 1	1	1131.877500000	1131.921600000	68437.000	82916.000	HF	1131.8829	81750.0	81600.0	3.5934986493170924	Rhinolophus ferrumequinum	0.042	0.042	-1	Echolocation	192000	/home/adkris/Documents/mila-human-wav-txt/20220826_070000.WAV
73	Waveform 1	1	1132.372500000	1132.413300000	68437.000	82686.000	HF	1132.4080333333334	81750.0	81600.0	4.707548852571845	Rhinolophus ferrumequinum	0.024	0.024	-1	Echolocation	192000	/home/adkris/Documents/mila-human-wav-txt/20220826_070000.WAV
73	Spectrogram 1	1	1132.372500000	1132.413300000	68437.000	82686.000	HF	1132.4080333333334	81750.0	81600.0	4.707548852571845	Rhinolophus ferrumequinum	0.024	0.024	-1	Echolocation	192000	/home/adkris/Documents/mila-human-wav-txt/20220826_070000.WAV
74	Waveform 1	1	1132.398500000	1132.450500000	68437.000	83305.000	HF	1132.4076666666667	81750.0	81600.0	4.509022756796278	Rhinolophus ferrumequinum	0.102	0.102	-1	Echolocation	192000	/home/adkris/Documents/mila-human-wav-txt/20220826_070000.WAV
74	Spectrogram 1	1	1132.398500000	1132.450500000	68437.000	83305.000	HF	1132.4076666666667	81750.0	81600.0	4.509022756796278	Rhinolophus ferrumequinum	0.102	0.102	-1	Echolocation	192000	/home/adkris/Documents/mila-human-wav-txt/20220826_070000.WAV
75	Waveform 1	1	1132.652500000	1132.690700000	68437.000	81199.000	HF	1132.6719666666668	80250.0	79680.0	6.100066839190089	Rhinolophus ferrumequinum	0.023	0.023	-1	Echolocation	192000	/home/adkris/Documents/mila-human-wav-txt/20220826_070000.WAV
75	Spectrogram 1	1	1132.652500000	1132.690700000	68437.000	81199.000	HF	1132.6719666666668	80250.0	79680.0	6.100066839190089	Rhinolophus ferrumequinum	0.023	0.023	-1	Echolocation	192000	/home/adkris/Documents/mila-human-wav-txt/20220826_070000.WAV
76	Waveform 1	1	1132.932500000	1132.943700000	78750.000	93040.000	HF	1132.9334666666666	78000.0	77760.0	3.883519099511308	Pipistrellus pygmaeus	0.026	0.028	-1	Echolocation	192000	/home/adkris/Documents/mila-human-wav-txt/20220826_070000.WAV
76	Spectrogram 1	1	1132.932500000	1132.943700000	78750.000	93040.000	HF	1132.9334666666666	78000.0	77760.0	3.883519099511308	Pipistrellus pygmaeus	0.026	0.028	-1	Echolocation	192000	/home/adkris/Documents/mila-human-wav-txt/20220826_070000.WAV
77	Waveform 1	1	1133.176500000	1133.224900000	68437.000	83231.000	HF	1133.1822666666667	83250.0	82560.0	5.151917189163806	Rhinolophus ferrumequinum	0.101	0.101	-1	Echolocation	192000	/home/adkris/Documents/mila-human-wav-txt/20220826_070000.WAV
77	Spectrogram 1	1	1133.176500000	1133.224900000	68437.000	83231.000	HF	1133.1822666666667	83250.0	82560.0	5.151917189163806	Rhinolophus ferrumequinum	0.101	0.101	-1	Echolocation	192000	/home/adkris/Documents/mila-human-wav-txt/20220826_070000.WAV
78	Waveform 1	1	1133.685500000	1133.727000000	68437.000	82494.000	HF	1133.7005	81000.0	81600.0	5.107283602570113	Rhinolophus ferrumequinum	0.042	0.042	-1	Echolocation	192000	/home/adkris/Documents/mila-human-wav-txt/20220826_070000.WAV
78	Spectrogram 1	1	1133.685500000	1133.727000000	68437.000	82494.000	HF	1133.7005	81000.0	81600.0	5.107283602570113	Rhinolophus ferrumequinum	0.042	0.042	-1	Echolocation	192000	/home/adkris/Documents/mila-human-wav-txt/20220826_070000.WAV
79	Waveform 1	1	1134.243500000	1134.293700000	68437.000	83367.000	HF	1134.2486333333334	82500.0	81600.0	7.4231489451970045	Rhinolophus ferrumequinum	0.096	0.096	-1	Echolocation	192000	/home/adkris/Documents/mila-human-wav-txt/20220826_070000.WAV
79	Spectrogram 1	1	1134.243500000	1134.293700000	68437.000	83367.000	HF	1134.2486333333334	82500.0	81600.0	7.4231489451970045	Rhinolophus ferrumequinum	0.096	0.096	-1	Echolocation	192000	/home/adkris/Documents/mila-human-wav-txt/20220826_070000.WAV
80	Waveform 1	1	1134.528500000	1134.578100000	68437.000	83524.000	HF	1134.5342333333333	82500.0	80640.0	7.17767855093728	Rhinolophus ferrumequinum	0.055	0.055	-1	Echolocation	192000	/home/adkris/Documents/mila-human-wav-txt/20220826_070000.WAV
80	Spectrogram 1	1	1134.528500000	1134.578100000	68437.000	83524.000	HF	1134.5342333333333	82500.0	80640.0	7.17767855093728	Rhinolophus ferrumequinum	0.055	0.055	-1	Echolocation	192000	/home/adkris/Documents/mila-human-wav-txt/20220826_070000.WAV
81	Waveform 1	1	1135.061500000	1135.104900000	68437.000	82721.000	HF	1135.0687666666668	81000.0	80640.0	6.504125324679056	Rhinolophus ferrumequinum	0.044	0.044	-1	Echolocation	192000	/home/adkris/Documents/mila-human-wav-txt/20220826_070000.WAV
81	Spectrogram 1	1	1135.061500000	1135.104900000	68437.000	82721.000	HF	1135.0687666666668	81000.0	80640.0	6.504125324679056	Rhinolophus ferrumequinum	0.044	0.044	-1	Echolocation	192000	/home/adkris/Documents/mila-human-wav-txt/20220826_070000.WAV
82	Waveform 1	1	1135.225500000	1135.259600000	68437.000	80881.000	HF	1135.2525666666666	81000.0	80640.0	2.1521014692038687	Rhinolophus ferrumequinum	0.026	0.026	-1	Echolocation	192000	/home/adkris/Documents/mila-human-wav-txt/20220826_070000.WAV
82	Spectrogram 1	1	1135.225500000	1135.259600000	68437.000	80881.000	HF	1135.2525666666666	81000.0	80640.0	2.1521014692038687	Rhinolophus ferrumequinum	0.026	0.026	-1	Echolocation	192000	/home/adkris/Documents/mila-human-wav-txt/20220826_070000.WAV
83	Waveform 1	1	1135.251500000	1135.292800000	68437.000	82162.000	HF	1135.2527	81000.0	78720.0	4.209405439764061	Rhinolophus ferrumequinum	0.043	0.043	-1	Echolocation	192000	/home/adkris/Documents/mila-human-wav-txt/20220826_070000.WAV
83	Spectrogram 1	1	1135.251500000	1135.292800000	68437.000	82162.000	HF	1135.2527	81000.0	78720.0	4.209405439764061	Rhinolophus ferrumequinum	0.043	0.043	-1	Echolocation	192000	/home/adkris/Documents/mila-human-wav-txt/20220826_070000.WAV
84	Waveform 1	1	1135.771500000	1135.820400000	68437.000	83645.000	HF	1135.7826	82500.0	80640.0	5.919545083879669	Rhinolophus ferrumequinum	0.071	0.071	-1	Echolocation	192000	/home/adkris/Documents/mila-human-wav-txt/20220826_070000.WAV
84	Spectrogram 1	1	1135.771500000	1135.820400000	68437.000	83645.000	HF	1135.7826	82500.0	80640.0	5.919545083879669	Rhinolophus ferrumequinum	0.071	0.071	-1	Echolocation	192000	/home/adkris/Documents/mila-human-wav-txt/20220826_070000.WAV
85	Waveform 1	1	1136.051500000	1136.093300000	68437.000	82029.000	HF	1136.0592	81750.0	80640.0	4.6099829388541655	Rhinolophus ferrumequinum	0.027	0.027	-1	Echolocation	192000	/home/adkris/Documents/mila-human-wav-txt/20220826_070000.WAV
85	Spectrogram 1	1	1136.051500000	1136.093300000	68437.000	82029.000	HF	1136.0592	81750.0	80640.0	4.6099829388541655	Rhinolophus ferrumequinum	0.027	0.027	-1	Echolocation	192000	/home/adkris/Documents/mila-human-wav-txt/20220826_070000.WAV
86	Waveform 1	1	1136.699500000	1136.743800000	68437.000	82214.000	HF	1136.7210333333333	79500.0	80640.0	6.256781444261722	Rhinolophus ferrumequinum	0.056	0.056	-1	Echolocation	192000	/home/adkris/Documents/mila-human-wav-txt/20220826_070000.WAV
86	Spectrogram 1	1	1136.699500000	1136.743800000	68437.000	82214.000	HF	1136.7210333333333	79500.0	80640.0	6.256781444261722	Rhinolophus ferrumequinum	0.056	0.056	-1	Echolocation	192000	/home/adkris/Documents/mila-human-wav-txt/20220826_070000.WAV
87	Waveform 1	1	1137.379500000	1137.422700000	68437.000	82431.000	HF	1137.3928	80250.0	79680.0	8.087788214312072	Rhinolophus ferrumequinum	0.028	0.028	-1	Echolocation	192000	/home/adkris/Documents/mila-human-wav-txt/20220826_070000.WAV
87	Spectrogram 1	1	1137.379500000	1137.422700000	68437.000	82431.000	HF	1137.3928	80250.0	79680.0	8.087788214312072	Rhinolophus ferrumequinum	0.028	0.028	-1	Echolocation	192000	/home/adkris/Documents/mila-human-wav-txt/20220826_070000.WAV
88	Waveform 1	1	1137.912500000	1137.948700000	68437.000	82347.000	HF	1137.9456333333333	80250.0	79680.0	8.591788824597472	Rhinolophus ferrumequinum	0.024	0.024	-1	Echolocation	192000	/home/adkris/Documents/mila-human-wav-txt/20220826_070000.WAV
88	Spectrogram 1	1	1137.912500000	1137.948700000	68437.000	82347.000	HF	1137.9456333333333	80250.0	79680.0	8.591788824597472	Rhinolophus ferrumequinum	0.024	0.024	-1	Echolocation	192000	/home/adkris/Documents/mila-human-wav-txt/20220826_070000.WAV
89	Waveform 1	1	1137.937500000	1137.978000000	68437.000	82359.000	HF	1137.945333333333	80250.0	79680.0	8.628402719767315	Rhinolophus ferrumequinum	0.031	0.031	-1	Echolocation	192000	/home/adkris/Documents/mila-human-wav-txt/20220826_070000.WAV
89	Spectrogram 1	1	1137.937500000	1137.978000000	68437.000	82359.000	HF	1137.945333333333	80250.0	79680.0	8.628402719767315	Rhinolophus ferrumequinum	0.031	0.031	-1	Echolocation	192000	/home/adkris/Documents/mila-human-wav-txt/20220826_070000.WAV
90	Waveform 1	1	1138.094500000	1138.133000000	68437.000	81098.000	HF	1138.1323333333332	81750.0	81600.0	3.87637574812923	Rhinolophus ferrumequinum	0.022	0.022	-1	Echolocation	192000	/home/adkris/Documents/mila-human-wav-txt/20220826_070000.WAV
90	Spectrogram 1	1	1138.094500000	1138.133000000	68437.000	81098.000	HF	1138.1323333333332	81750.0	81600.0	3.87637574812923	Rhinolophus ferrumequinum	0.022	0.022	-1	Echolocation	192000	/home/adkris/Documents/mila-human-wav-txt/20220826_070000.WAV
91	Waveform 1	1	1138.121500000	1138.160900000	68437.000	81992.000	HF	1138.1339333333333	81000.0	81600.0	4.693414782867873	Rhinolophus ferrumequinum	0.033	0.033	-1	Echolocation	192000	/home/adkris/Documents/mila-human-wav-txt/20220826_070000.WAV
91	Spectrogram 1	1	1138.121500000	1138.160900000	68437.000	81992.000	HF	1138.1339333333333	81000.0	81600.0	4.693414782867873	Rhinolophus ferrumequinum	0.033	0.033	-1	Echolocation	192000	/home/adkris/Documents/mila-human-wav-txt/20220826_070000.WAV
92	Waveform 1	1	1138.131500000	1138.169700000	68437.000	82158.000	HF	1138.134633333333	80250.0	80640.0	3.938526110927002	Rhinolophus ferrumequinum	0.036	0.036	-1	Echolocation	192000	/home/adkris/Documents/mila-human-wav-txt/20220826_070000.WAV
92	Spectrogram 1	1	1138.131500000	1138.169700000	68437.000	82158.000	HF	1138.134633333333	80250.0	80640.0	3.938526110927002	Rhinolophus ferrumequinum	0.036	0.036	-1	Echolocation	192000	/home/adkris/Documents/mila-human-wav-txt/20220826_070000.WAV
93	Waveform 1	1	1138.667500000	1138.710300000	68437.000	82656.000	HF	1138.6812	79500.0	78720.0	4.808056344148659	Rhinolophus ferrumequinum	0.035	0.035	-1	Echolocation	192000	/home/adkris/Documents/mila-human-wav-txt/20220826_070000.WAV
93	Spectrogram 1	1	1138.667500000	1138.710300000	68437.000	82656.000	HF	1138.6812	79500.0	78720.0	4.808056344148659	Rhinolophus ferrumequinum	0.035	0.035	-1	Echolocation	192000	/home/adkris/Documents/mila-human-wav-txt/20220826_070000.WAV
94	Waveform 1	1	1139.315500000	1139.353600000	68437.000	81640.000	HF	1139.3490666666669	78750.0	78720.0	2.33272671260727	Rhinolophus ferrumequinum	0.021	0.021	-1	Echolocation	192000	/home/adkris/Documents/mila-human-wav-txt/20220826_070000.WAV
94	Spectrogram 1	1	1139.315500000	1139.353600000	68437.000	81640.000	HF	1139.3490666666669	78750.0	78720.0	2.33272671260727	Rhinolophus ferrumequinum	0.021	0.021	-1	Echolocation	192000	/home/adkris/Documents/mila-human-wav-txt/20220826_070000.WAV
95	Waveform 1	1	1139.329500000	1139.371700000	68437.000	82493.000	HF	1139.3543	79500.0	78720.0	2.5557147010330024	Rhinolophus ferrumequinum	0.035	0.035	-1	Echolocation	192000	/home/adkris/Documents/mila-human-wav-txt/20220826_070000.WAV
95	Spectrogram 1	1	1139.329500000	1139.371700000	68437.000	82493.000	HF	1139.3543	79500.0	78720.0	2.5557147010330024	Rhinolophus ferrumequinum	0.035	0.035	-1	Echolocation	192000	/home/adkris/Documents/mila-human-wav-txt/20220826_070000.WAV
96	Waveform 1	1	1140.001500000	1140.034000000	68437.000	80498.000	HF	1140.008833333333	68250.0	78720.0	2.224087316000208	Rhinolophus ferrumequinum	0.034	0.034	-1	Echolocation	192000	/home/adkris/Documents/mila-human-wav-txt/20220826_070000.WAV
96	Spectrogram 1	1	1140.001500000	1140.034000000	68437.000	80498.000	HF	1140.008833333333	68250.0	78720.0	2.224087316000208	Rhinolophus ferrumequinum	0.034	0.034	-1	Echolocation	192000	/home/adkris/Documents/mila-human-wav-txt/20220826_070000.WAV
97	Waveform 1	1	1140.640500000	1140.680000000	68437.000	82501.000	HF	1140.6668333333334	78750.0	78720.0	3.050651827964223	Rhinolophus ferrumequinum	0.021	0.021	-1	Echolocation	192000	/home/adkris/Documents/mila-human-wav-txt/20220826_070000.WAV
97	Spectrogram 1	1	1140.640500000	1140.680000000	68437.000	82501.000	HF	1140.6668333333334	78750.0	78720.0	3.050651827964223	Rhinolophus ferrumequinum	0.021	0.021	-1	Echolocation	192000	/home/adkris/Documents/mila-human-wav-txt/20220826_070000.WAV
98	Waveform 1	1	1140.646500000	1140.683100000	68437.000	82460.000	HF	1140.6664	79500.0	78720.0	3.3545992857022275	Rhinolophus ferrumequinum	0.021	0.022	-1	Echolocation	192000	/home/adkris/Documents/mila-human-wav-txt/20220826_070000.WAV
98	Spectrogram 1	1	1140.646500000	1140.683100000	68437.000	82460.000	HF	1140.6664	79500.0	78720.0	3.3545992857022275	Rhinolophus ferrumequinum	0.021	0.022	-1	Echolocation	192000	/home/adkris/Documents/mila-human-wav-txt/20220826_070000.WAV
99	Waveform 1	1	1195.650500000	1195.684700000	68437.000	82033.000	HF	1195.6751333333334	81750.0	81600.0	2.0348117730121267	Rhinolophus ferrumequinum	0.026	0.026	-1	Echolocation	192000	/home/adkris/Documents/mila-human-wav-txt/20220826_070000.WAV
99	Spectrogram 1	1	1195.650500000	1195.684700000	68437.000	82033.000	HF	1195.6751333333334	81750.0	81600.0	2.0348117730121267	Rhinolophus ferrumequinum	0.026	0.026	-1	Echolocation	192000	/home/adkris/Documents/mila-human-wav-txt/20220826_070000.WAV
100	Waveform 1	1	1465.372500000	1465.412800000	68437.000	82014.000	HF	1465.3770333333334	71250.0	68160.0	2.869780966262174	Rhinolophus ferrumequinum	0.035	0.035	-1	Echolocation	192000	/home/adkris/Documents/mila-human-wav-txt/20220826_070000.WAV
100	Spectrogram 1	1	1465.372500000	1465.412800000	68437.000	82014.000	HF	1465.3770333333334	71250.0	68160.0	2.869780966262174	Rhinolophus ferrumequinum	0.035	0.035	-1	Echolocation	192000	/home/adkris/Documents/mila-human-wav-txt/20220826_070000.WAV
101	Waveform 1	1	1493.777500000	1493.811700000	68437.000	81798.000	HF	1493.800966666667	81750.0	80640.0	3.520457805045225	Rhinolophus ferrumequinum	0.024	0.024	-1	Echolocation	192000	/home/adkris/Documents/mila-human-wav-txt/20220826_070000.WAV
101	Spectrogram 1	1	1493.777500000	1493.811700000	68437.000	81798.000	HF	1493.800966666667	81750.0	80640.0	3.520457805045225	Rhinolophus ferrumequinum	0.024	0.024	-1	Echolocation	192000	/home/adkris/Documents/mila-human-wav-txt/20220826_070000.WAV
102	Waveform 1	1	1494.108500000	1494.145400000	68437.000	80730.000	HF	1494.1222666666667	81750.0	81600.0	2.47822775392118	Rhinolophus ferrumequinum	0.027	0.028	-1	Echolocation	192000	/home/adkris/Documents/mila-human-wav-txt/20220826_070000.WAV
102	Spectrogram 1	1	1494.108500000	1494.145400000	68437.000	80730.000	HF	1494.1222666666667	81750.0	81600.0	2.47822775392118	Rhinolophus ferrumequinum	0.027	0.028	-1	Echolocation	192000	/home/adkris/Documents/mila-human-wav-txt/20220826_070000.WAV
103	Waveform 1	1	1502.001500000	1502.024700000	69296.000	82025.000	HF	1502.0079666666666	83250.0	82560.0	2.7532370343273582	Rhinolophus ferrumequinum	0.026	0.027	-1	Echolocation	192000	/home/adkris/Documents/mila-human-wav-txt/20220826_070000.WAV
103	Spectrogram 1	1	1502.001500000	1502.024700000	69296.000	82025.000	HF	1502.0079666666666	83250.0	82560.0	2.7532370343273582	Rhinolophus ferrumequinum	0.026	0.027	-1	Echolocation	192000	/home/adkris/Documents/mila-human-wav-txt/20220826_070000.WAV
104	Waveform 1	1	1706.001500000	1706.027200000	70156.000	83258.000	HF	1706.022966666667	81000.0	77760.0	2.2012146078166888	Rhinolophus ferrumequinum	0.028	0.028	-1	Echolocation	192000	/home/adkris/Documents/mila-human-wav-txt/20220826_070000.WAV
104	Spectrogram 1	1	1706.001500000	1706.027200000	70156.000	83258.000	HF	1706.022966666667	81000.0	77760.0	2.2012146078166888	Rhinolophus ferrumequinum	0.028	0.028	-1	Echolocation	192000	/home/adkris/Documents/mila-human-wav-txt/20220826_070000.WAV
105	Waveform 1	1	1756.012500000	1756.046000000	68437.000	82046.000	HF	1756.0238333333334	64500.0	70080.0	2.6881489400544645	Rhinolophus ferrumequinum	0.025	0.025	-1	Echolocation	192000	/home/adkris/Documents/mila-human-wav-txt/20220826_070000.WAV
105	Spectrogram 1	1	1756.012500000	1756.046000000	68437.000	82046.000	HF	1756.0238333333334	64500.0	70080.0	2.6881489400544645	Rhinolophus ferrumequinum	0.025	0.025	-1	Echolocation	192000	/home/adkris/Documents/mila-human-wav-txt/20220826_070000.WAV
106	Waveform 1	1	1756.119500000	1756.160500000	68437.000	82441.000	HF	1756.1291666666666	69750.0	70080.0	7.000712312635122	Rhinolophus ferrumequinum	0.036	0.036	-1	Echolocation	192000	/home/adkris/Documents/mila-human-wav-txt/20220826_070000.WAV
106	Spectrogram 1	1	1756.119500000	1756.160500000	68437.000	82441.000	HF	1756.1291666666666	69750.0	70080.0	7.000712312635122	Rhinolophus ferrumequinum	0.036	0.036	-1	Echolocation	192000	/home/adkris/Documents/mila-human-wav-txt/20220826_070000.WAV
107	Waveform 1	1	1756.128500000	1756.152600000	65000.000	73370.000	HF	1756.1294	65250.0	65280.00000000001	11.344636253321156	Rhinolophus ferrumequinum	0.035	0.04	-1	Echolocation	192000	/home/adkris/Documents/mila-human-wav-txt/20220826_070000.WAV
107	Spectrogram 1	1	1756.128500000	1756.152600000	65000.000	73370.000	HF	1756.1294	65250.0	65280.00000000001	11.344636253321156	Rhinolophus ferrumequinum	0.035	0.04	-1	Echolocation	192000	/home/adkris/Documents/mila-human-wav-txt/20220826_070000.WAV
108	Waveform 1	1	1756.211500000	1756.246700000	68437.000	81279.000	HF	1756.2374666666667	66750.0	80640.0	2.676264007769493	Rhinolophus ferrumequinum	0.023	0.023	-1	Echolocation	192000	/home/adkris/Documents/mila-human-wav-txt/20220826_070000.WAV
108	Spectrogram 1	1	1756.211500000	1756.246700000	68437.000	81279.000	HF	1756.2374666666667	66750.0	80640.0	2.676264007769493	Rhinolophus ferrumequinum	0.023	0.023	-1	Echolocation	192000	/home/adkris/Documents/mila-human-wav-txt/20220826_070000.WAV
109	Waveform 1	1	1756.412500000	1756.450600000	68437.000	82630.000	HF	1756.4414	77250.0	82560.0	3.19271965913222	Rhinolophus ferrumequinum	0.023	0.023	-1	Echolocation	192000	/home/adkris/Documents/mila-human-wav-txt/20220826_070000.WAV
109	Spectrogram 1	1	1756.412500000	1756.450600000	68437.000	82630.000	HF	1756.4414	77250.0	82560.0	3.19271965913222	Rhinolophus ferrumequinum	0.023	0.023	-1	Echolocation	192000	/home/adkris/Documents/mila-human-wav-txt/20220826_070000.WAV
