Manually-Verified Phonic Group	peak_frequency_time_SPECTROGRAM	peak_frequency_SPECTROGRAM	peak_frequency_WELCH	SNR	Begin Time (s)	End Time (s)	Low Freq (Hz)	High Freq (Hz)	class	class_prob	det_prob	individual	Annotation	sampling_rate	input_file	Selection	View	Channel
HF	4.444933333333332	52500.0	51840.0	8.891129956720473	4.4415	4.4479	52109	59097	Pipistrellus pipistrellus	0.02	0.037	-1	Echolocation	192000	/home/adkris/Documents/mila-human-wav-txt/20220826_070000.WAV	1	Waveform 1	1
HF	5.0048	52500.0	51840.0	11.564706821427407	5.0035	5.0097	52109	58867	Pipistrellus pygmaeus	0.02	0.035	-1	Echolocation	192000	/home/adkris/Documents/mila-human-wav-txt/20220826_070000.WAV	2	Waveform 1	1
HF	5.154633333333333	50250.0	48000.0	8.709493726322197	5.1505	5.1562	33203	74284	Myotis mystacinus	0.011	0.023	-1	Echolocation	192000	/home/adkris/Documents/mila-human-wav-txt/20220826_070000.WAV	3	Waveform 1	1
HF	31.780766666666665	56250.0	52800.00000000001	5.642220733497067	31.7765	31.7844	52109	59220	Pipistrellus pygmaeus	0.029	0.06	-1	Echolocation	192000	/home/adkris/Documents/mila-human-wav-txt/20220826_070000.WAV	4	Waveform 1	1
HF	63.77026666666666	52500.0	52800.00000000001	5.597649940075067	63.7665	63.7714	48671	58561	Pipistrellus pipistrellus	0.069	0.082	-1	Echolocation	192000	/home/adkris/Documents/mila-human-wav-txt/20220826_070000.WAV	5	Waveform 1	1
HF	64.09826666666666	49500.0	48960.0	5.208450496394232	64.0955	64.1014	33203	68060	Myotis daubentonii	0.009	0.027	-1	Echolocation	192000	/home/adkris/Documents/mila-human-wav-txt/20220826_070000.WAV	6	Waveform 1	1
HF	65.2547	54000.0	52800.00000000001	5.273869229018863	65.2525	65.2578	32343	73273	Myotis mystacinus	0.011	0.032	-1	Echolocation	192000	/home/adkris/Documents/mila-human-wav-txt/20220826_070000.WAV	7	Waveform 1	1
HF	65.30146666666667	54750.0	51840.0	5.606975835145026	65.2985	65.3042	33203	68106	Myotis brandtii	0.008	0.024	-1	Echolocation	192000	/home/adkris/Documents/mila-human-wav-txt/20220826_070000.WAV	8	Waveform 1	1
HF	65.45779999999999	48000.0	47040.0	8.950842919759074	65.4555	65.4607	30625	74085	Myotis mystacinus	0.014	0.039	-1	Echolocation	192000	/home/adkris/Documents/mila-human-wav-txt/20220826_070000.WAV	9	Waveform 1	1
HF	65.56893333333333	54000.0	53760.00000000001	5.07569295964871	65.5675	65.5724	52109	62741	Pipistrellus pipistrellus	0.075	0.087	-1	Echolocation	192000	/home/adkris/Documents/mila-human-wav-txt/20220826_070000.WAV	10	Waveform 1	1
HF	95.8194	55500.0	55679.99999999999	5.151890068573062	95.8175	95.8231	33203	65387	Myotis brandtii	0.011	0.031	-1	Echolocation	192000	/home/adkris/Documents/mila-human-wav-txt/20220826_070000.WAV	11	Waveform 1	1
HF	97.07653333333332	62250.0	56640.0	22.578655979066315	97.0715	97.0763	57265	66149	Pipistrellus pygmaeus	0.022	0.041	-1	Echolocation	192000	/home/adkris/Documents/mila-human-wav-txt/20220826_070000.WAV	12	Waveform 1	1
HF	97.18336666666669	58500.0	52800.00000000001	20.88464213619642	97.1755	97.1833	55546	63122	Myotis alcathoe	0.01	0.026	-1	Echolocation	192000	/home/adkris/Documents/mila-human-wav-txt/20220826_070000.WAV	13	Waveform 1	1
HF	97.35603333333331	52500.0	54719.99999999999	12.4457237743579	97.3545	97.3593	31484	76391	Myotis mystacinus	0.022	0.049	-1	Echolocation	192000	/home/adkris/Documents/mila-human-wav-txt/20220826_070000.WAV	14	Waveform 1	1
HF	97.69216666666668	50250.0	47040.0	8.416298733734976	97.6895	97.6955	29765	74872	Myotis daubentonii	0.009	0.025	-1	Echolocation	192000	/home/adkris/Documents/mila-human-wav-txt/20220826_070000.WAV	15	Waveform 1	1
HF	123.78193333333331	49500.0	55679.99999999999	6.406818965252531	123.7805	123.7854	33203	73182	Myotis mystacinus	0.014	0.036	-1	Echolocation	192000	/home/adkris/Documents/mila-human-wav-txt/20220826_070000.WAV	16	Waveform 1	1
HF	124.0083	60000.0	57600.0	6.985010311877245	124.0015	124.0127	58125	65475	Pipistrellus pygmaeus	0.06	0.063	-1	Echolocation	192000	/home/adkris/Documents/mila-human-wav-txt/20220826_070000.WAV	17	Waveform 1	1
LF	162.02986666666666	21000.0	20160.0	9.001799771772646	162.0275	162.0338	17734	28599	Plecotus austriacus	0.059	0.097	-1	Echolocation	192000	/home/adkris/Documents/mila-human-wav-txt/20220826_070000.WAV	18	Waveform 1	1
HF	163.8496	57750.0	56640.0	16.090333723167305	163.8455	163.8524	56406	64698	Pipistrellus pygmaeus	0.045	0.053	-1	Echolocation	192000	/home/adkris/Documents/mila-human-wav-txt/20220826_070000.WAV	19	Waveform 1	1
HF	164.2039	52500.0	48960.0	5.531179304457805	164.2005	164.2081	46093	60496	Pipistrellus pipistrellus	0.08	0.103	-1	Echolocation	192000	/home/adkris/Documents/mila-human-wav-txt/20220826_070000.WAV	20	Waveform 1	1
LF	169.37326666666667	25500.0	25920.0	6.923357815126087	169.35750000000002	169.3749	25468	31452	Nyctalus leisleri	0.043	0.108	-1	Echolocation	192000	/home/adkris/Documents/mila-human-wav-txt/20220826_070000.WAV	21	Waveform 1	1
HF	182.2975	43500.0	43200.0	10.145213652913846	182.2925	182.2985	28046	53174	Myotis daubentonii	0.017	0.028	-1	Echolocation	192000	/home/adkris/Documents/mila-human-wav-txt/20220826_070000.WAV	22	Waveform 1	1
HF	182.4861	49500.0	48960.0	6.279850610594479	182.4845	182.4904	49531	54062	Pipistrellus pipistrellus	0.014	0.025	-1	Echolocation	192000	/home/adkris/Documents/mila-human-wav-txt/20220826_070000.WAV	23	Waveform 1	1
HF	191.6759333333333	52500.0	52800.00000000001	5.319628138927685	191.6715	191.6769	37500	65830	Myotis mystacinus	0.01	0.028	-1	Echolocation	192000	/home/adkris/Documents/mila-human-wav-txt/20220826_070000.WAV	24	Waveform 1	1
HF	191.7421	57000.0	56640.0	7.924753033168645	191.7395	191.7479	56406	64915	Pipistrellus pygmaeus	0.024	0.026	-1	Echolocation	192000	/home/adkris/Documents/mila-human-wav-txt/20220826_070000.WAV	25	Waveform 1	1
HF	192.11846666666668	55500.0	55679.99999999999	5.800351992296815	192.1165	192.1232	33203	60766	Myotis daubentonii	0.009	0.026	-1	Echolocation	192000	/home/adkris/Documents/mila-human-wav-txt/20220826_070000.WAV	26	Waveform 1	1
HF	194.0273	48750.0	48960.0	9.1733365269933	194.0255	194.0312	32343	70028	Myotis brandtii	0.012	0.03	-1	Echolocation	192000	/home/adkris/Documents/mila-human-wav-txt/20220826_070000.WAV	27	Waveform 1	1
HF	194.1046333333333	48750.0	53760.00000000001	10.883389749413972	194.1035	194.1087	30625	69358	Myotis mystacinus	0.017	0.049	-1	Echolocation	192000	/home/adkris/Documents/mila-human-wav-txt/20220826_070000.WAV	28	Waveform 1	1
HF	194.1881	55500.0	55679.99999999999	7.968958967030635	194.1855	194.1904	30625	70488	Myotis mystacinus	0.011	0.031	-1	Echolocation	192000	/home/adkris/Documents/mila-human-wav-txt/20220826_070000.WAV	29	Waveform 1	1
HF	194.26493333333332	52500.0	52800.00000000001	8.979958245277288	194.2635	194.2684	32343	80510	Myotis mystacinus	0.022	0.056	-1	Echolocation	192000	/home/adkris/Documents/mila-human-wav-txt/20220826_070000.WAV	30	Waveform 1	1
HF	194.3046	53250.0	54719.99999999999	14.286784463689974	194.3035	194.3099	52968	63871	Pipistrellus pygmaeus	0.091	0.112	-1	Echolocation	192000	/home/adkris/Documents/mila-human-wav-txt/20220826_070000.WAV	31	Waveform 1	1
HF	195.2782	60000.0	59520.0	10.601937105101625	195.2745	195.2818	58984	66404	Pipistrellus pygmaeus	0.02	0.025	-1	Echolocation	192000	/home/adkris/Documents/mila-human-wav-txt/20220826_070000.WAV	32	Waveform 1	1
HF	195.44073333333333	49500.0	48960.0	18.74216305568928	195.4365	195.4421	33203	63222	Myotis brandtii	0.008	0.025	-1	Echolocation	192000	/home/adkris/Documents/mila-human-wav-txt/20220826_070000.WAV	33	Waveform 1	1
HF	196.02983333333333	48750.0	48960.0	5.76417455970688	196.0255	196.031	34921	64509	Myotis bechsteinii	0.009	0.031	-1	Echolocation	192000	/home/adkris/Documents/mila-human-wav-txt/20220826_070000.WAV	34	Waveform 1	1
HF	204.6629333333333	55500.0	55679.99999999999	9.616125163721016	204.6625	204.6684	55546	61328	Pipistrellus pygmaeus	0.062	0.065	-1	Echolocation	192000	/home/adkris/Documents/mila-human-wav-txt/20220826_070000.WAV	35	Waveform 1	1
HF	230.28243333333333	48750.0	48960.0	8.908816314353595	230.2785	230.2844	33203	62774	Myotis brandtii	0.007	0.023	-1	Echolocation	192000	/home/adkris/Documents/mila-human-wav-txt/20220826_070000.WAV	36	Waveform 1	1
HF	230.6626	59250.0	57600.0	8.524910871016832	230.6605	230.6659	56406	66011	Pipistrellus pygmaeus	0.087	0.091	-1	Echolocation	192000	/home/adkris/Documents/mila-human-wav-txt/20220826_070000.WAV	37	Waveform 1	1
HF	231.41743333333332	57750.0	62400.0	6.476839826620057	231.4155	231.4199	57265	63916	Myotis mystacinus	0.009	0.023	-1	Echolocation	192000	/home/adkris/Documents/mila-human-wav-txt/20220826_070000.WAV	38	Waveform 1	1
HF	231.9346	53250.0	54719.99999999999	7.72869851079864	231.9325	231.9379	34062	71443	Myotis brandtii	0.01	0.028	-1	Echolocation	192000	/home/adkris/Documents/mila-human-wav-txt/20220826_070000.WAV	39	Waveform 1	1
HF	245.72493333333333	58500.0	58560.0	6.190112276086557	245.7225	245.7299	56406	64904	Pipistrellus pygmaeus	0.027	0.029	-1	Echolocation	192000	/home/adkris/Documents/mila-human-wav-txt/20220826_070000.WAV	40	Waveform 1	1
HF	245.9116	56250.0	56640.0	8.076084426847746	245.9095	245.9184	55546	63336	Pipistrellus pygmaeus	0.063	0.066	-1	Echolocation	192000	/home/adkris/Documents/mila-human-wav-txt/20220826_070000.WAV	41	Waveform 1	1
HF	258.95166666666665	54750.0	52800.00000000001	6.908743502692587	258.9485	258.954	35781	60273	Myotis mystacinus	0.007	0.026	-1	Echolocation	192000	/home/adkris/Documents/mila-human-wav-txt/20220826_070000.WAV	42	Waveform 1	1
HF	271.5430333333333	57000.0	54719.99999999999	6.521331907635521	271.5425	271.5483	54687	62071	Pipistrellus pygmaeus	0.049	0.053	-1	Echolocation	192000	/home/adkris/Documents/mila-human-wav-txt/20220826_070000.WAV	43	Waveform 1	1
HF	272.03996666666666	55500.0	55679.99999999999	12.111032981570029	272.0345	272.0412	53828	61784	Pipistrellus pipistrellus	0.014	0.032	-1	Echolocation	192000	/home/adkris/Documents/mila-human-wav-txt/20220826_070000.WAV	44	Waveform 1	1
HF	272.5376	53250.0	52800.00000000001	7.449574405420672	272.5355	272.5409	34062	68500	Myotis mystacinus	0.016	0.045	-1	Echolocation	192000	/home/adkris/Documents/mila-human-wav-txt/20220826_070000.WAV	45	Waveform 1	1
HF	297.0235	54750.0	55679.99999999999	5.615788910159689	297.0215	297.027	34921	64178	Myotis mystacinus	0.009	0.028	-1	Echolocation	192000	/home/adkris/Documents/mila-human-wav-txt/20220826_070000.WAV	46	Waveform 1	1
LF	366.0060666666666	25500.0	25920.0	6.4803486024084656	366.0015	366.0126	22890	27809	Nyctalus leisleri	0.021	0.052	-1	Echolocation	192000	/home/adkris/Documents/mila-human-wav-txt/20220826_070000.WAV	47	Waveform 1	1
HF	367.0122	48750.0	48960.0	11.394244954609958	367.0075	367.0138	49531	53065	Pipistrellus pipistrellus	0.014	0.027	-1	Echolocation	192000	/home/adkris/Documents/mila-human-wav-txt/20220826_070000.WAV	48	Waveform 1	1
HF	367.2191333333333	48750.0	48000.0	16.498303561419437	367.2155	367.2217	48671	52703	Pipistrellus pipistrellus	0.018	0.03	-1	Echolocation	192000	/home/adkris/Documents/mila-human-wav-txt/20220826_070000.WAV	49	Waveform 1	1
HF	367.3213333333333	52500.0	51840.0	6.734776768335726	367.3155	367.323	52109	55690	Pipistrellus pygmaeus	0.018	0.027	-1	Echolocation	192000	/home/adkris/Documents/mila-human-wav-txt/20220826_070000.WAV	50	Waveform 1	1
HF	367.5273	55500.0	52800.00000000001	6.096444006896352	367.5255	367.5347	53828	58648	Pipistrellus pygmaeus	0.026	0.029	-1	Echolocation	192000	/home/adkris/Documents/mila-human-wav-txt/20220826_070000.WAV	51	Waveform 1	1
HF	367.6256	48000.0	48960.0	12.443166444581037	367.6205	367.6264	50390	56775	Pipistrellus pipistrellus	0.015	0.027	-1	Echolocation	192000	/home/adkris/Documents/mila-human-wav-txt/20220826_070000.WAV	52	Waveform 1	1
HF	368.0933	57000.0	54719.99999999999	7.731194355956057	368.0845	368.0937	54687	61124	Pipistrellus pygmaeus	0.022	0.023	-1	Echolocation	192000	/home/adkris/Documents/mila-human-wav-txt/20220826_070000.WAV	53	Waveform 1	1
HF	368.1945666666667	55500.0	55679.99999999999	9.2914675487895	368.1895	368.2001	55546	62078	Pipistrellus pygmaeus	0.025	0.025	-1	Echolocation	192000	/home/adkris/Documents/mila-human-wav-txt/20220826_070000.WAV	54	Waveform 1	1
HF	368.7526	54000.0	48960.0	21.61992618556896	368.7485	368.7589	49531	57048	Pipistrellus pipistrellus	0.023	0.042	-1	Echolocation	192000	/home/adkris/Documents/mila-human-wav-txt/20220826_070000.WAV	55	Waveform 1	1
HF	368.8484333333333	48750.0	48960.0	11.027409921429738	368.8475	368.8529	48671	55621	Pipistrellus pipistrellus	0.025	0.042	-1	Echolocation	192000	/home/adkris/Documents/mila-human-wav-txt/20220826_070000.WAV	56	Waveform 1	1
HF	369.05696666666665	52500.0	48960.0	18.25482315008347	369.0545	369.0607	49531	56760	Pipistrellus pipistrellus	0.041	0.07	-1	Echolocation	192000	/home/adkris/Documents/mila-human-wav-txt/20220826_070000.WAV	57	Waveform 1	1
HF	369.23676666666665	48000.0	47040.0	21.09761920809643	369.2315	369.2384	46953	56707	Pipistrellus pipistrellus	0.034	0.06	-1	Echolocation	192000	/home/adkris/Documents/mila-human-wav-txt/20220826_070000.WAV	58	Waveform 1	1
HF	369.59113333333335	47250.0	47040.0	14.010711117402211	369.5905	369.5962	47812	53464	Pipistrellus pipistrellus	0.016	0.032	-1	Echolocation	192000	/home/adkris/Documents/mila-human-wav-txt/20220826_070000.WAV	59	Waveform 1	1
LF	371.836	24000.0	24000.0	7.82024764128816	371.8305	371.8465	22890	25530	Nyctalus leisleri	0.048	0.1	-1	Echolocation	192000	/home/adkris/Documents/mila-human-wav-txt/20220826_070000.WAV	60	Waveform 1	1
LF	372.6716	24000.0	24000.0	5.493825924152262	372.6605	372.6744	22890	28795	Nyctalus leisleri	0.017	0.04	-1	Echolocation	192000	/home/adkris/Documents/mila-human-wav-txt/20220826_070000.WAV	61	Waveform 1	1
LF	397.5566333333333	20250.0	20160.0	18.11892506286605	397.5545	397.5622	17734	27243	Plecotus austriacus	0.032	0.05	-1	Echolocation	192000	/home/adkris/Documents/mila-human-wav-txt/20220826_070000.WAV	62	Waveform 1	1
LF	408.70023333333336	26250.0	28800.0	6.324796106623153	408.6905	408.7046	27187	30980	Nyctalus leisleri	0.069	0.11	-1	Echolocation	192000	/home/adkris/Documents/mila-human-wav-txt/20220826_070000.WAV	63	Waveform 1	1
HF	423.9307	53250.0	52800.00000000001	6.37747378279612	423.9285	423.9338	35781	65091	Myotis mystacinus	0.01	0.03	-1	Echolocation	192000	/home/adkris/Documents/mila-human-wav-txt/20220826_070000.WAV	64	Waveform 1	1
HF	433.5427	54750.0	56640.0	5.532362783968537	433.5405	433.5458	34921	67645	Myotis brandtii	0.008	0.023	-1	Echolocation	192000	/home/adkris/Documents/mila-human-wav-txt/20220826_070000.WAV	65	Waveform 1	1
HF	433.60696666666666	51000.0	50880.0	5.2087688793387965	433.6035	433.6087	35781	69130	Myotis mystacinus	0.013	0.033	-1	Echolocation	192000	/home/adkris/Documents/mila-human-wav-txt/20220826_070000.WAV	66	Waveform 1	1
HF	475.7758666666667	53250.0	54719.99999999999	5.017472410013997	475.7735	475.7798	45234	59157	Pipistrellus pipistrellus	0.06	0.08	-1	Echolocation	192000	/home/adkris/Documents/mila-human-wav-txt/20220826_070000.WAV	67	Waveform 1	1
HF	476.10046666666665	56250.0	55679.99999999999	6.93257166848224	476.0995	476.1037	41796	66815	Myotis mystacinus	0.024	0.086	-1	Echolocation	192000	/home/adkris/Documents/mila-human-wav-txt/20220826_070000.WAV	68	Waveform 1	1
HF	476.1421333333333	54750.0	53760.00000000001	7.404724034825428	476.1385	476.1447	46093	62275	Pipistrellus pipistrellus	0.026	0.074	-1	Echolocation	192000	/home/adkris/Documents/mila-human-wav-txt/20220826_070000.WAV	69	Waveform 1	1
LF	481.3964333333333	26250.0	26880.000000000004	5.952467575847206	481.3815	481.3974	25468	31595	Nyctalus leisleri	0.015	0.037	-1	Echolocation	192000	/home/adkris/Documents/mila-human-wav-txt/20220826_070000.WAV	70	Waveform 1	1
LF	487.2928333333333	26250.0	25920.0	12.332809786176696	487.2745	487.294	22031	25689	Nyctalus leisleri	0.014	0.027	-1	Echolocation	192000	/home/adkris/Documents/mila-human-wav-txt/20220826_070000.WAV	71	Waveform 1	1
HF	574.2173	55500.0	48960.0	7.169396363133147	574.2155	574.2212	34062	66215	Myotis brandtii	0.01	0.03	-1	Echolocation	192000	/home/adkris/Documents/mila-human-wav-txt/20220826_070000.WAV	72	Waveform 1	1
HF	605.2143333333333	57000.0	55679.99999999999	11.411971081334098	605.2105	605.2165	57265	66630	Pipistrellus pygmaeus	0.061	0.065	-1	Echolocation	192000	/home/adkris/Documents/mila-human-wav-txt/20220826_070000.WAV	73	Waveform 1	1
HF	605.5860666666666	51000.0	54719.99999999999	6.680169143481445	605.5835	605.5896	34062	65119	Myotis daubentonii	0.012	0.03	-1	Echolocation	192000	/home/adkris/Documents/mila-human-wav-txt/20220826_070000.WAV	74	Waveform 1	1
HF	654.1601333333333	55500.0	55679.99999999999	6.770691885939423	654.1575	654.1647	55546	62571	Pipistrellus pygmaeus	0.05	0.053	-1	Echolocation	192000	/home/adkris/Documents/mila-human-wav-txt/20220826_070000.WAV	75	Waveform 1	1
HF	654.3492	56250.0	55679.99999999999	8.24835212335208	654.3465	654.3548	55546	63211	Pipistrellus pygmaeus	0.029	0.031	-1	Echolocation	192000	/home/adkris/Documents/mila-human-wav-txt/20220826_070000.WAV	76	Waveform 1	1
HF	654.9674666666666	55500.0	55679.99999999999	5.038223044528972	654.9655	654.9722	53828	58883	Pipistrellus pygmaeus	0.099	0.109	-1	Echolocation	192000	/home/adkris/Documents/mila-human-wav-txt/20220826_070000.WAV	77	Waveform 1	1
HF	775.2378	54000.0	51840.0	8.434913141331839	775.2355	775.2407	34062	77502	Myotis mystacinus	0.012	0.033	-1	Echolocation	192000	/home/adkris/Documents/mila-human-wav-txt/20220826_070000.WAV	78	Waveform 1	1
HF	783.9544333333333	49500.0	52800.00000000001	5.398028548873772	783.9525	783.9569	47812	56375	Pipistrellus pipistrellus	0.038	0.041	-1	Echolocation	192000	/home/adkris/Documents/mila-human-wav-txt/20220826_070000.WAV	79	Waveform 1	1
HF	862.7827333333333	48750.0	54719.99999999999	5.1064675241224124	862.7785	862.7841	46093	60217	Pipistrellus pipistrellus	0.029	0.093	-1	Echolocation	192000	/home/adkris/Documents/mila-human-wav-txt/20220826_070000.WAV	80	Waveform 1	1
HF	964.6646666666668	54750.0	52800.00000000001	8.472604669842172	964.6615	964.667	34921	74798	Myotis brandtii	0.008	0.025	-1	Echolocation	192000	/home/adkris/Documents/mila-human-wav-txt/20220826_070000.WAV	81	Waveform 1	1
HF	965.44	55500.0	56640.0	14.530560986662824	965.4335	965.4415	58125	64176	Pipistrellus pygmaeus	0.026	0.028	-1	Echolocation	192000	/home/adkris/Documents/mila-human-wav-txt/20220826_070000.WAV	82	Waveform 1	1
HF	965.9156333333332	56250.0	57600.0	18.27773233581385	965.9125	965.9192	55546	64403	Pipistrellus pygmaeus	0.035	0.038	-1	Echolocation	192000	/home/adkris/Documents/mila-human-wav-txt/20220826_070000.WAV	83	Waveform 1	1
HF	966.0124333333332	55500.0	52800.00000000001	6.04928318412597	966.0015	966.0144	48671	59476	Pipistrellus pipistrellus	0.081	0.111	-1	Echolocation	192000	/home/adkris/Documents/mila-human-wav-txt/20220826_070000.WAV	84	Waveform 1	1
HF	991.2905666666668	55500.0	55679.99999999999	6.637283628422086	991.2875	991.2931	54687	61945	Pipistrellus pygmaeus	0.103	0.115	-1	Echolocation	192000	/home/adkris/Documents/mila-human-wav-txt/20220826_070000.WAV	85	Waveform 1	1
HF	996.645	53250.0	52800.00000000001	5.52282743918027	996.6425	996.6475	35781	64396	Myotis brandtii	0.011	0.031	-1	Echolocation	192000	/home/adkris/Documents/mila-human-wav-txt/20220826_070000.WAV	86	Waveform 1	1
HF	1038.6447666666668	53250.0	52800.00000000001	5.927000996373796	1038.6415	1038.6469	48671	60926	Pipistrellus pipistrellus	0.058	0.089	-1	Echolocation	192000	/home/adkris/Documents/mila-human-wav-txt/20220826_070000.WAV	87	Waveform 1	1
HF	1081.320066666667	52500.0	54719.99999999999	6.276445347465845	1081.3165	1081.3216	49531	59048	Pipistrellus pipistrellus	0.07	0.099	-1	Echolocation	192000	/home/adkris/Documents/mila-human-wav-txt/20220826_070000.WAV	88	Waveform 1	1
HF	1081.6538	54750.0	53760.00000000001	8.80619293708615	1081.6515	1081.6567	49531	59602	Pipistrellus pipistrellus	0.056	0.095	-1	Echolocation	192000	/home/adkris/Documents/mila-human-wav-txt/20220826_070000.WAV	89	Waveform 1	1
HF	1093.2393333333334	57750.0	55679.99999999999	8.953495443673258	1093.2355	1093.2415	55546	67735	Pipistrellus pygmaeus	0.029	0.031	-1	Echolocation	192000	/home/adkris/Documents/mila-human-wav-txt/20220826_070000.WAV	90	Waveform 1	1
HF	1119.031966666667	49500.0	54719.99999999999	5.893723535142426	1119.0285	1119.0337	34062	68480	Myotis mystacinus	0.009	0.028	-1	Echolocation	192000	/home/adkris/Documents/mila-human-wav-txt/20220826_070000.WAV	91	Waveform 1	1
HF	1122.5312666666666	56250.0	54719.99999999999	6.246147887788168	1122.5285	1122.5344	51250	58292	Pipistrellus pipistrellus	0.07	0.114	-1	Echolocation	192000	/home/adkris/Documents/mila-human-wav-txt/20220826_070000.WAV	92	Waveform 1	1
LF	1134.7930666666666	19500.0	17280.0	10.198714106226316	1134.7915	1134.7986	15156	28266	Plecotus auritus	0.019	0.032	-1	Echolocation	192000	/home/adkris/Documents/mila-human-wav-txt/20220826_070000.WAV	93	Waveform 1	1
HF	1138.243333333333	51750.0	48960.0	9.005628304661615	1138.2395	1138.2455	34062	68822	Myotis mystacinus	0.009	0.023	-1	Echolocation	192000	/home/adkris/Documents/mila-human-wav-txt/20220826_070000.WAV	94	Waveform 1	1
HF	1139.168233333333	57000.0	56640.0	11.704690474687052	1139.1655	1139.1726	55546	65802	Pipistrellus pygmaeus	0.029	0.031	-1	Echolocation	192000	/home/adkris/Documents/mila-human-wav-txt/20220826_070000.WAV	95	Waveform 1	1
HF	1139.6724333333334	55500.0	55679.99999999999	10.22223039725846	1139.6645	1139.6734	56406	62462	Pipistrellus pygmaeus	0.032	0.035	-1	Echolocation	192000	/home/adkris/Documents/mila-human-wav-txt/20220826_070000.WAV	96	Waveform 1	1
HF	1139.7784666666666	53250.0	49920.0	7.354171378361546	1139.7755	1139.7812	33203	72348	Myotis mystacinus	0.014	0.031	-1	Echolocation	192000	/home/adkris/Documents/mila-human-wav-txt/20220826_070000.WAV	97	Waveform 1	1
HF	1140.1526333333334	59250.0	58560.0	11.146496980362784	1140.1515	1140.1602	58125	64293	Pipistrellus pygmaeus	0.023	0.024	-1	Echolocation	192000	/home/adkris/Documents/mila-human-wav-txt/20220826_070000.WAV	98	Waveform 1	1
HF	1194.7315333333331	40500.0	40320.0	8.588922942816	1194.7275	1194.7333	30625	58638	Myotis brandtii	0.013	0.03	-1	Echolocation	192000	/home/adkris/Documents/mila-human-wav-txt/20220826_070000.WAV	99	Waveform 1	1
HF	1195.0520333333334	44250.0	45120.0	16.842029553384254	1195.0475	1195.0528	30625	61465	Myotis brandtii	0.015	0.026	-1	Echolocation	192000	/home/adkris/Documents/mila-human-wav-txt/20220826_070000.WAV	100	Waveform 1	1
HF	1195.4632	53250.0	52800.00000000001	6.803013691202137	1195.4605	1195.4688	52968	57210	Pipistrellus pygmaeus	0.028	0.034	-1	Echolocation	192000	/home/adkris/Documents/mila-human-wav-txt/20220826_070000.WAV	101	Waveform 1	1
HF	1195.566366666667	48000.0	48000.0	13.706945070279906	1195.5615	1195.5688	49531	54153	Pipistrellus pipistrellus	0.021	0.036	-1	Echolocation	192000	/home/adkris/Documents/mila-human-wav-txt/20220826_070000.WAV	102	Waveform 1	1
HF	1195.7856	48000.0	48000.0	12.700297347295557	1195.7785	1195.7859	49531	56883	Pipistrellus pipistrellus	0.015	0.028	-1	Echolocation	192000	/home/adkris/Documents/mila-human-wav-txt/20220826_070000.WAV	103	Waveform 1	1
HF	1196.0849333333333	48750.0	48000.0	11.024655496273157	1196.0785	1196.0854	49531	55721	Pipistrellus pipistrellus	0.015	0.027	-1	Echolocation	192000	/home/adkris/Documents/mila-human-wav-txt/20220826_070000.WAV	104	Waveform 1	1
HF	1196.2669666666666	51750.0	51840.0	17.354382207285695	1196.2625	1196.2702	52109	58088	Pipistrellus pygmaeus	0.055	0.063	-1	Echolocation	192000	/home/adkris/Documents/mila-human-wav-txt/20220826_070000.WAV	105	Waveform 1	1
HF	1196.3691333333334	53250.0	55679.99999999999	12.425619584324938	1196.3635	1196.3712	55546	62207	Pipistrellus pygmaeus	0.035	0.038	-1	Echolocation	192000	/home/adkris/Documents/mila-human-wav-txt/20220826_070000.WAV	106	Waveform 1	1
HF	1196.4634	55500.0	54719.99999999999	9.854827576584343	1196.4605	1196.4686	54687	61952	Pipistrellus pygmaeus	0.024	0.026	-1	Echolocation	192000	/home/adkris/Documents/mila-human-wav-txt/20220826_070000.WAV	107	Waveform 1	1
HF	1196.6632333333334	47250.0	48000.0	17.618724249661167	1196.6595	1196.6656	49531	60599	Pipistrellus pipistrellus	0.019	0.037	-1	Echolocation	192000	/home/adkris/Documents/mila-human-wav-txt/20220826_070000.WAV	108	Waveform 1	1
HF	1196.7582333333332	53250.0	52800.00000000001	21.06039227861215	1196.7545	1196.7606	51250	59403	Pipistrellus pipistrellus	0.026	0.046	-1	Echolocation	192000	/home/adkris/Documents/mila-human-wav-txt/20220826_070000.WAV	109	Waveform 1	1
HF	1197.2427333333333	54000.0	53760.00000000001	19.50675376197692	1197.2355	1197.2451	53828	59683	Pipistrellus pygmaeus	0.069	0.072	-1	Echolocation	192000	/home/adkris/Documents/mila-human-wav-txt/20220826_070000.WAV	110	Waveform 1	1
HF	1198.1545666666666	47250.0	46080.0	8.39071627440108	1198.1515	1198.1571	31484	73010	Myotis brandtii	0.019	0.041	-1	Echolocation	192000	/home/adkris/Documents/mila-human-wav-txt/20220826_070000.WAV	111	Waveform 1	1
HF	1198.2201	53250.0	52800.00000000001	17.86453178609458	1198.2175	1198.2294	52968	59005	Pipistrellus pygmaeus	0.036	0.042	-1	Echolocation	192000	/home/adkris/Documents/mila-human-wav-txt/20220826_070000.WAV	112	Waveform 1	1
HF	1198.7039	42000.0	42240.0	16.810039622538195	1198.6995	1198.7061	28906	52564	Myotis daubentonii	0.012	0.024	-1	Echolocation	192000	/home/adkris/Documents/mila-human-wav-txt/20220826_070000.WAV	113	Waveform 1	1
HF	1199.130766666667	57000.0	54719.99999999999	6.46285241199748	1199.1265	1199.1344	54687	59774	Pipistrellus pygmaeus	0.056	0.059	-1	Echolocation	192000	/home/adkris/Documents/mila-human-wav-txt/20220826_070000.WAV	114	Waveform 1	1
HF	1199.9223	40500.0	40320.0	10.79180458736117	1199.9205	1199.9262	29765	55042	Myotis daubentonii	0.013	0.026	-1	Echolocation	192000	/home/adkris/Documents/mila-human-wav-txt/20220826_070000.WAV	115	Waveform 1	1
HF	1208.5398333333333	46500.0	46080.0	21.593209812715045	1208.5355	1208.541	30625	65903	Myotis brandtii	0.013	0.025	-1	Echolocation	192000	/home/adkris/Documents/mila-human-wav-txt/20220826_070000.WAV	116	Waveform 1	1
HF	1208.726766666667	61500.0	53760.00000000001	5.570249344233101	1208.7225	1208.7304	56406	61680	Pipistrellus pygmaeus	0.048	0.049	-1	Echolocation	192000	/home/adkris/Documents/mila-human-wav-txt/20220826_070000.WAV	117	Waveform 1	1
HF	1208.9337333333333	54000.0	53760.00000000001	13.953270133854314	1208.9305	1208.9371	52109	57371	Pipistrellus pipistrellus	0.021	0.038	-1	Echolocation	192000	/home/adkris/Documents/mila-human-wav-txt/20220826_070000.WAV	118	Waveform 1	1
HF	1209.026	54750.0	53760.00000000001	12.33623471469848	1209.0195	1209.0275	53828	58455	Pipistrellus pygmaeus	0.023	0.026	-1	Echolocation	192000	/home/adkris/Documents/mila-human-wav-txt/20220826_070000.WAV	119	Waveform 1	1
HF	1209.1160333333332	54750.0	52800.00000000001	23.469226576311897	1209.1125	1209.1188	51250	57817	Pipistrellus pygmaeus	0.015	0.031	-1	Echolocation	192000	/home/adkris/Documents/mila-human-wav-txt/20220826_070000.WAV	120	Waveform 1	1
HF	1209.2089666666666	53250.0	52800.00000000001	12.471322519779912	1209.2065	1209.2127	52109	57391	Pipistrellus pygmaeus	0.014	0.027	-1	Echolocation	192000	/home/adkris/Documents/mila-human-wav-txt/20220826_070000.WAV	121	Waveform 1	1
HF	1209.3028	54750.0	56640.0	8.608712988035784	1209.2935	1209.3057	57265	63793	Pipistrellus pygmaeus	0.03	0.031	-1	Echolocation	192000	/home/adkris/Documents/mila-human-wav-txt/20220826_070000.WAV	122	Waveform 1	1
HF	1209.3929666666668	53250.0	53760.00000000001	9.630833387754452	1209.3885	1209.3962	52968	61569	Pipistrellus pygmaeus	0.045	0.05	-1	Echolocation	192000	/home/adkris/Documents/mila-human-wav-txt/20220826_070000.WAV	123	Waveform 1	1
HF	1209.67	50250.0	52800.00000000001	25.073329350344597	1209.6655	1209.672	50390	58928	Pipistrellus pipistrellus	0.033	0.064	-1	Echolocation	192000	/home/adkris/Documents/mila-human-wav-txt/20220826_070000.WAV	124	Waveform 1	1
HF	1209.7568	53250.0	52800.00000000001	17.99847131439286	1209.7525	1209.7592	52968	60717	Pipistrellus pygmaeus	0.027	0.034	-1	Echolocation	192000	/home/adkris/Documents/mila-human-wav-txt/20220826_070000.WAV	125	Waveform 1	1
HF	1209.8452	57750.0	57600.0	14.104943533374517	1209.8375	1209.8478	58125	65617	Pipistrellus pygmaeus	0.042	0.042	-1	Echolocation	192000	/home/adkris/Documents/mila-human-wav-txt/20220826_070000.WAV	126	Waveform 1	1
HF	1209.9167333333332	53250.0	52800.00000000001	12.924438797432192	1209.9125	1209.9216	53828	58661	Pipistrellus pygmaeus	0.041	0.045	-1	Echolocation	192000	/home/adkris/Documents/mila-human-wav-txt/20220826_070000.WAV	127	Waveform 1	1
HF	1210.2437666666667	44250.0	44160.0	10.0066251331992	1210.2405	1210.2459	28906	71376	Myotis brandtii	0.017	0.038	-1	Echolocation	192000	/home/adkris/Documents/mila-human-wav-txt/20220826_070000.WAV	128	Waveform 1	1
HF	1210.3069	44250.0	46080.0	6.235876427357592	1210.3045	1210.3096	29765	77217	Myotis brandtii	0.027	0.06	-1	Echolocation	192000	/home/adkris/Documents/mila-human-wav-txt/20220826_070000.WAV	129	Waveform 1	1
HF	1210.4617333333333	41250.0	46080.0	7.501433319706755	1210.4575	1210.4631	29765	71408	Myotis brandtii	0.023	0.043	-1	Echolocation	192000	/home/adkris/Documents/mila-human-wav-txt/20220826_070000.WAV	130	Waveform 1	1
HF	1210.9266666666667	45750.0	46080.0	8.59649022929857	1210.9235	1210.929	29765	70206	Myotis brandtii	0.025	0.043	-1	Echolocation	192000	/home/adkris/Documents/mila-human-wav-txt/20220826_070000.WAV	131	Waveform 1	1
HF	1210.9835	46500.0	45120.0	12.142647389232383	1210.9815	1210.987	28906	76451	Myotis brandtii	0.025	0.062	-1	Echolocation	192000	/home/adkris/Documents/mila-human-wav-txt/20220826_070000.WAV	132	Waveform 1	1
HF	1211.0578	53250.0	52800.00000000001	11.974429762053171	1211.0545	1211.0622	51250	55798	Pipistrellus pygmaeus	0.028	0.041	-1	Echolocation	192000	/home/adkris/Documents/mila-human-wav-txt/20220826_070000.WAV	133	Waveform 1	1
HF	1211.1399333333334	45000.0	44160.0	19.192408558601933	1211.1355	1211.1409	28906	69799	Myotis brandtii	0.019	0.039	-1	Echolocation	192000	/home/adkris/Documents/mila-human-wav-txt/20220826_070000.WAV	134	Waveform 1	1
HF	1213.2467666666666	52500.0	49920.0	5.611051813464777	1213.2445	1213.2509	50390	54933	Pipistrellus pipistrellus	0.015	0.028	-1	Echolocation	192000	/home/adkris/Documents/mila-human-wav-txt/20220826_070000.WAV	135	Waveform 1	1
HF	1227.7108	48750.0	48960.0	6.188986400493713	1227.7065	1227.7132	49531	54737	Pipistrellus pipistrellus	0.016	0.031	-1	Echolocation	192000	/home/adkris/Documents/mila-human-wav-txt/20220826_070000.WAV	136	Waveform 1	1
HF	1228.4065666666663	48750.0	48960.0	8.313811054026457	1228.4045	1228.4111	49531	53508	Pipistrellus pipistrellus	0.014	0.025	-1	Echolocation	192000	/home/adkris/Documents/mila-human-wav-txt/20220826_070000.WAV	137	Waveform 1	1
HF	1229.2658333333334	48000.0	48960.0	10.848434346037529	1229.2625	1229.269	49531	52974	Pipistrellus pipistrellus	0.015	0.023	-1	Echolocation	192000	/home/adkris/Documents/mila-human-wav-txt/20220826_070000.WAV	138	Waveform 1	1
HF	1287.256	42000.0	43200.0	11.494505321116538	1287.2515	1287.258	29765	46071	Myotis daubentonii	0.011	0.025	-1	Echolocation	192000	/home/adkris/Documents/mila-human-wav-txt/20220826_070000.WAV	139	Waveform 1	1
HF	1396.1684333333333	55500.0	53760.00000000001	6.158642425226515	1396.1665	1396.1709	48671	59915	Pipistrellus pipistrellus	0.086	0.112	-1	Echolocation	192000	/home/adkris/Documents/mila-human-wav-txt/20220826_070000.WAV	140	Waveform 1	1
HF	1406.248	53250.0	53760.00000000001	7.150080678553373	1406.2455	1406.2505	50390	58254	Pipistrellus pipistrellus	0.055	0.069	-1	Echolocation	192000	/home/adkris/Documents/mila-human-wav-txt/20220826_070000.WAV	141	Waveform 1	1
HF	1426.494333333333	44250.0	45120.0	5.582083241384822	1426.4915	1426.4985	29765	51251	Myotis daubentonii	0.01	0.025	-1	Echolocation	192000	/home/adkris/Documents/mila-human-wav-txt/20220826_070000.WAV	142	Waveform 1	1
LF	1426.9402	42000.0	39360.0	6.87893410157395	1426.9355	1426.9418	29765	44644	Barbastellus barbastellus	0.007	0.025	-1	Echolocation	192000	/home/adkris/Documents/mila-human-wav-txt/20220826_070000.WAV	143	Waveform 1	1
LF	1427.6674333333333	42750.0	44160.0	7.647546987508579	1427.6615	1427.6689	27187	42168	Eptesicus serotinus	0.007	0.022	-1	Echolocation	192000	/home/adkris/Documents/mila-human-wav-txt/20220826_070000.WAV	144	Waveform 1	1
HF	1446.0046333333332	45750.0	45120.0	10.68050476174644	1446.0015	1446.0082	30625	55695	Myotis daubentonii	0.007	0.024	-1	Echolocation	192000	/home/adkris/Documents/mila-human-wav-txt/20220826_070000.WAV	145	Waveform 1	1
HF	1446.5185	52500.0	53760.00000000001	6.62351659288892	1446.5155	1446.5235	53828	61809	Pipistrellus pygmaeus	0.049	0.051	-1	Echolocation	192000	/home/adkris/Documents/mila-human-wav-txt/20220826_070000.WAV	146	Waveform 1	1
HF	1459.9759333333334	48750.0	48000.0	9.227555476930588	1459.9725	1459.9789	49531	57036	Pipistrellus pipistrellus	0.038	0.056	-1	Echolocation	192000	/home/adkris/Documents/mila-human-wav-txt/20220826_070000.WAV	147	Waveform 1	1
HF	1460.1574666666668	53250.0	53760.00000000001	5.613912306104592	1460.1555	1460.1622	53828	60466	Pipistrellus pygmaeus	0.094	0.099	-1	Echolocation	192000	/home/adkris/Documents/mila-human-wav-txt/20220826_070000.WAV	148	Waveform 1	1
HF	1460.430833333333	45000.0	45120.0	17.406981101438568	1460.4265	1460.432	29765	58680	Myotis brandtii	0.012	0.027	-1	Echolocation	192000	/home/adkris/Documents/mila-human-wav-txt/20220826_070000.WAV	149	Waveform 1	1
HF	1460.6155666666666	42000.0	42240.0	5.203542875706174	1460.6125	1460.6181	29765	45783	Myotis daubentonii	0.008	0.023	-1	Echolocation	192000	/home/adkris/Documents/mila-human-wav-txt/20220826_070000.WAV	150	Waveform 1	1
HF	1460.7076	47250.0	45120.0	16.009718997605006	1460.7025	1460.7084	30625	57417	Myotis brandtii	0.008	0.025	-1	Echolocation	192000	/home/adkris/Documents/mila-human-wav-txt/20220826_070000.WAV	151	Waveform 1	1
HF	1461.2852	48000.0	48960.0	8.65456978807367	1461.2835	1461.2893	49531	56418	Pipistrellus pipistrellus	0.024	0.04	-1	Echolocation	192000	/home/adkris/Documents/mila-human-wav-txt/20220826_070000.WAV	152	Waveform 1	1
LF	1462.8854333333334	20250.0	21120.0	11.38060129012409	1462.8845	1462.9004	19453	23984	Nyctalus noctula	0.043	0.075	-1	Echolocation	192000	/home/adkris/Documents/mila-human-wav-txt/20220826_070000.WAV	153	Waveform 1	1
HF	1464.7033666666666	55500.0	54719.99999999999	8.50983733494072	1464.6995	1464.7043	53828	64963	Pipistrellus pipistrellus	0.038	0.059	-1	Echolocation	192000	/home/adkris/Documents/mila-human-wav-txt/20220826_070000.WAV	154	Waveform 1	1
HF	1464.7798333333333	57000.0	55679.99999999999	10.72032648894401	1464.7755	1464.781	55546	63683	Pipistrellus pygmaeus	0.03	0.038	-1	Echolocation	192000	/home/adkris/Documents/mila-human-wav-txt/20220826_070000.WAV	155	Waveform 1	1
HF	1464.8705666666667	56250.0	56640.0	8.200620587730288	1464.8675	1464.8731	55546	66654	Pipistrellus pygmaeus	0.039	0.042	-1	Echolocation	192000	/home/adkris/Documents/mila-human-wav-txt/20220826_070000.WAV	156	Waveform 1	1
HF	1465.3065	56250.0	56640.0	17.439351148351378	1465.3025	1465.3095	56406	68407	Pipistrellus pygmaeus	0.037	0.044	-1	Echolocation	192000	/home/adkris/Documents/mila-human-wav-txt/20220826_070000.WAV	157	Waveform 1	1
HF	1465.5244666666667	56250.0	55679.99999999999	18.16580454940804	1465.5205	1465.5252	54687	67956	Pipistrellus pipistrellus	0.036	0.065	-1	Echolocation	192000	/home/adkris/Documents/mila-human-wav-txt/20220826_070000.WAV	158	Waveform 1	1
HF	1465.5815666666667	60000.0	59520.0	14.23159092417663	1465.5785	1465.5841	56406	66938	Pipistrellus pygmaeus	0.057	0.092	-1	Echolocation	192000	/home/adkris/Documents/mila-human-wav-txt/20220826_070000.WAV	159	Waveform 1	1
HF	1465.7729333333334	58500.0	57600.0	15.98996957862452	1465.7695	1465.7759	54687	67131	Pipistrellus pipistrellus	0.044	0.078	-1	Echolocation	192000	/home/adkris/Documents/mila-human-wav-txt/20220826_070000.WAV	160	Waveform 1	1
HF	1466.1946666666668	53250.0	53760.00000000001	11.147746258793328	1466.1915	1466.197	32343	83231	Myotis mystacinus	0.018	0.046	-1	Echolocation	192000	/home/adkris/Documents/mila-human-wav-txt/20220826_070000.WAV	161	Waveform 1	1
HF	1466.4144666666666	57750.0	57600.0	5.254512366581396	1466.4095	1466.4167	57265	62885	Pipistrellus pygmaeus	0.03	0.033	-1	Echolocation	192000	/home/adkris/Documents/mila-human-wav-txt/20220826_070000.WAV	162	Waveform 1	1
HF	1466.6698666666666	54750.0	53760.00000000001	13.509926938829125	1466.6625	1466.6743	55546	61972	Pipistrellus pygmaeus	0.033	0.034	-1	Echolocation	192000	/home/adkris/Documents/mila-human-wav-txt/20220826_070000.WAV	163	Waveform 1	1
HF	1468.6336	53250.0	52800.00000000001	6.607295620407125	1468.6285	1468.6344	34921	62314	Myotis brandtii	0.007	0.023	-1	Echolocation	192000	/home/adkris/Documents/mila-human-wav-txt/20220826_070000.WAV	164	Waveform 1	1
HF	1481.5628	48750.0	48960.0	6.980190313491478	1481.5605	1481.5657	32343	79344	Myotis mystacinus	0.03	0.077	-1	Echolocation	192000	/home/adkris/Documents/mila-human-wav-txt/20220826_070000.WAV	165	Waveform 1	1
HF	1481.6168333333333	46500.0	48960.0	8.93993259325001	1481.6125	1481.618	28906	56259	Myotis daubentonii	0.015	0.028	-1	Echolocation	192000	/home/adkris/Documents/mila-human-wav-txt/20220826_070000.WAV	166	Waveform 1	1
HF	1482.0752333333332	56250.0	56640.0	8.704865872446558	1482.0695	1482.0771	56406	62252	Pipistrellus pygmaeus	0.071	0.078	-1	Echolocation	192000	/home/adkris/Documents/mila-human-wav-txt/20220826_070000.WAV	167	Waveform 1	1
HF	1482.3264	54000.0	53760.00000000001	5.010148071878373	1482.3225	1482.3296	52109	59487	Pipistrellus pipistrellus	0.068	0.096	-1	Echolocation	192000	/home/adkris/Documents/mila-human-wav-txt/20220826_070000.WAV	168	Waveform 1	1
HF	1490.6072333333334	44250.0	43200.0	5.030900686807488	1490.6055	1490.6171	39218	47569	Pipistrellus nathusii	0.098	0.116	-1	Echolocation	192000	/home/adkris/Documents/mila-human-wav-txt/20220826_070000.WAV	169	Waveform 1	1
HF	1491.3139	45750.0	41280.0	6.362180514293218	1491.3085	1491.3141	30625	58336	Myotis brandtii	0.015	0.03	-1	Echolocation	192000	/home/adkris/Documents/mila-human-wav-txt/20220826_070000.WAV	170	Waveform 1	1
HF	1492.3827333333334	48000.0	48960.0	13.6006120100124	1492.3785	1492.3841	48671	59807	Pipistrellus pipistrellus	0.035	0.066	-1	Echolocation	192000	/home/adkris/Documents/mila-human-wav-txt/20220826_070000.WAV	171	Waveform 1	1
HF	1492.4955	45000.0	39360.0	5.170518163338275	1492.4915	1492.4985	29765	44768	Myotis bechsteinii	0.006	0.028	-1	Echolocation	192000	/home/adkris/Documents/mila-human-wav-txt/20220826_070000.WAV	172	Waveform 1	1
HF	1492.6041	41250.0	41280.0	19.732123420747318	1492.5995	1492.6059	29765	48928	Myotis bechsteinii	0.006	0.025	-1	Echolocation	192000	/home/adkris/Documents/mila-human-wav-txt/20220826_070000.WAV	173	Waveform 1	1
LF	1492.7158	42000.0	41280.0	11.708966444353578	1492.7095	1492.7177	30625	43538	Myotis bechsteinii	0.005	0.024	-1	Echolocation	192000	/home/adkris/Documents/mila-human-wav-txt/20220826_070000.WAV	174	Waveform 1	1
LF	1493.028	42000.0	41280.0	15.728432068822167	1493.0235	1493.03	27187	41585	Myotis nattereri	0.005	0.024	-1	Echolocation	192000	/home/adkris/Documents/mila-human-wav-txt/20220826_070000.WAV	175	Waveform 1	1
HF	1493.2346	52500.0	51840.0	20.13105772231292	1493.2295	1493.2354	51250	59203	Pipistrellus pipistrellus	0.019	0.033	-1	Echolocation	192000	/home/adkris/Documents/mila-human-wav-txt/20220826_070000.WAV	176	Waveform 1	1
HF	1493.5683666666666	48000.0	43200.0	21.04001097901749	1493.5625	1493.5688	31484	53643	Myotis brandtii	0.008	0.025	-1	Echolocation	192000	/home/adkris/Documents/mila-human-wav-txt/20220826_070000.WAV	177	Waveform 1	1
HF	1493.7922333333331	48750.0	48000.0	12.60218866296382	1493.7885	1493.7946	49531	58484	Pipistrellus pipistrellus	0.029	0.05	-1	Echolocation	192000	/home/adkris/Documents/mila-human-wav-txt/20220826_070000.WAV	178	Waveform 1	1
HF	1494.1093666666666	49500.0	45120.0	17.475114941755624	1494.1065	1494.1123	29765	53715	Myotis daubentonii	0.009	0.029	-1	Echolocation	192000	/home/adkris/Documents/mila-human-wav-txt/20220826_070000.WAV	179	Waveform 1	1
HF	1494.5860333333333	59250.0	55679.99999999999	6.124068552340733	1494.5835	1494.5908	56406	65367	Pipistrellus pygmaeus	0.058	0.062	-1	Echolocation	192000	/home/adkris/Documents/mila-human-wav-txt/20220826_070000.WAV	180	Waveform 1	1
HF	1494.7147666666667	56250.0	58560.0	5.428774613577991	1494.7115	1494.7169	56406	66716	Pipistrellus pygmaeus	0.096	0.102	-1	Echolocation	192000	/home/adkris/Documents/mila-human-wav-txt/20220826_070000.WAV	181	Waveform 1	1
HF	1494.7871	59250.0	58560.0	7.722336614224584	1494.7835	1494.7909	58125	65690	Pipistrellus pygmaeus	0.036	0.038	-1	Echolocation	192000	/home/adkris/Documents/mila-human-wav-txt/20220826_070000.WAV	182	Waveform 1	1
HF	1500.1752	46500.0	46080.0	9.211375876135843	1500.1705	1500.1768	48671	55080	Pipistrellus pipistrellus	0.013	0.025	-1	Echolocation	192000	/home/adkris/Documents/mila-human-wav-txt/20220826_070000.WAV	183	Waveform 1	1
HF	1500.29	46500.0	46080.0	6.663563002397397	1500.2845	1500.29	29765	64306	Myotis daubentonii	0.03	0.06	-1	Echolocation	192000	/home/adkris/Documents/mila-human-wav-txt/20220826_070000.WAV	184	Waveform 1	1
LF	1500.9564666666668	46500.0	44160.0	9.290335041310454	1500.9505	1500.9567	26328	42979	Myotis nattereri	0.006	0.022	-1	Echolocation	192000	/home/adkris/Documents/mila-human-wav-txt/20220826_070000.WAV	185	Waveform 1	1
HF	1501.0584	45000.0	41280.0	10.84553806452002	1501.0535	1501.0596	29765	49014	Myotis bechsteinii	0.005	0.023	-1	Echolocation	192000	/home/adkris/Documents/mila-human-wav-txt/20220826_070000.WAV	186	Waveform 1	1
HF	1501.3439	45000.0	47040.0	13.369769764906849	1501.3395	1501.3461	46953	55830	Pipistrellus pipistrellus	0.012	0.026	-1	Echolocation	192000	/home/adkris/Documents/mila-human-wav-txt/20220826_070000.WAV	187	Waveform 1	1
HF	1501.7768333333331	48750.0	47040.0	13.061130067509184	1501.7735	1501.78	47812	53753	Pipistrellus pipistrellus	0.013	0.023	-1	Echolocation	192000	/home/adkris/Documents/mila-human-wav-txt/20220826_070000.WAV	188	Waveform 1	1
HF	1502.4246	48000.0	48000.0	13.547521508996576	1502.4195	1502.4254	49531	54439	Pipistrellus pipistrellus	0.035	0.057	-1	Echolocation	192000	/home/adkris/Documents/mila-human-wav-txt/20220826_070000.WAV	189	Waveform 1	1
HF	1502.533766666667	45000.0	41280.0	13.383766640653816	1502.5315	1502.5379	28906	50972	Myotis daubentonii	0.011	0.022	-1	Echolocation	192000	/home/adkris/Documents/mila-human-wav-txt/20220826_070000.WAV	190	Waveform 1	1
HF	1512.0678	57000.0	47040.0	9.727224348209496	1512.0655	1512.0707	34062	73928	Myotis mystacinus	0.014	0.033	-1	Echolocation	192000	/home/adkris/Documents/mila-human-wav-txt/20220826_070000.WAV	191	Waveform 1	1
HF	1521.5456666666666	48750.0	48960.0	10.982848078197042	1521.5425	1521.548	33203	71601	Myotis brandtii	0.008	0.026	-1	Echolocation	192000	/home/adkris/Documents/mila-human-wav-txt/20220826_070000.WAV	192	Waveform 1	1
HF	1531.6237333333331	49500.0	48960.0	8.18819464038749	1531.6195	1531.6251	34921	63082	Myotis mystacinus	0.008	0.026	-1	Echolocation	192000	/home/adkris/Documents/mila-human-wav-txt/20220826_070000.WAV	193	Waveform 1	1
HF	1551.9080666666666	47250.0	47040.0	7.013007456280246	1551.9045	1551.9096	34921	62319	Myotis bechsteinii	0.009	0.026	-1	Echolocation	192000	/home/adkris/Documents/mila-human-wav-txt/20220826_070000.WAV	194	Waveform 1	1
HF	1551.9862333333333	54750.0	52800.00000000001	5.45965211312608	1551.9815	1551.9866	37500	59966	Myotis bechsteinii	0.013	0.035	-1	Echolocation	192000	/home/adkris/Documents/mila-human-wav-txt/20220826_070000.WAV	195	Waveform 1	1
HF	1558.1417	53250.0	53760.00000000001	8.257717884768237	1558.1365	1558.1423	54687	63841	Pipistrellus pipistrellus	0.013	0.028	-1	Echolocation	192000	/home/adkris/Documents/mila-human-wav-txt/20220826_070000.WAV	196	Waveform 1	1
HF	1558.2487666666666	52500.0	49920.0	6.065447056369225	1558.2455	1558.2509	34921	65034	Myotis mystacinus	0.009	0.029	-1	Echolocation	192000	/home/adkris/Documents/mila-human-wav-txt/20220826_070000.WAV	197	Waveform 1	1
HF	1584.7077	42000.0	45120.0	9.609386145272538	1584.7025	1584.7083	30625	54826	Myotis brandtii	0.012	0.038	-1	Echolocation	192000	/home/adkris/Documents/mila-human-wav-txt/20220826_070000.WAV	198	Waveform 1	1
HF	1584.8134666666667	47250.0	46080.0	7.186069153813167	1584.8075	1584.8137	30625	47287	Myotis bechsteinii	0.005	0.025	-1	Echolocation	192000	/home/adkris/Documents/mila-human-wav-txt/20220826_070000.WAV	199	Waveform 1	1
HF	1585.0143666666668	43500.0	43200.0	11.29969998708874	1585.0085	1585.0148	30625	53771	Myotis bechsteinii	0.012	0.03	-1	Echolocation	192000	/home/adkris/Documents/mila-human-wav-txt/20220826_070000.WAV	200	Waveform 1	1
LF	1585.2569	43500.0	43200.0	5.645199709185543	1585.2555	1585.2616	30625	44111	Myotis brandtii	0.009	0.025	-1	Echolocation	192000	/home/adkris/Documents/mila-human-wav-txt/20220826_070000.WAV	201	Waveform 1	1
HF	1585.6217	45000.0	41280.0	17.79466199089384	1585.6155	1585.6238	31484	51481	Myotis bechsteinii	0.012	0.028	-1	Echolocation	192000	/home/adkris/Documents/mila-human-wav-txt/20220826_070000.WAV	202	Waveform 1	1
HF	1585.8289666666667	41250.0	41280.0	13.320047229946898	1585.8235	1585.8302	30625	50666	Myotis brandtii	0.008	0.024	-1	Echolocation	192000	/home/adkris/Documents/mila-human-wav-txt/20220826_070000.WAV	203	Waveform 1	1
HF	1587.149	42000.0	41280.0	9.620731501924784	1587.1455	1587.153	29765	47091	Myotis daubentonii	0.004	0.023	-1	Echolocation	192000	/home/adkris/Documents/mila-human-wav-txt/20220826_070000.WAV	204	Waveform 1	1
HF	1587.5472	42750.0	42240.0	5.64579150843934	1587.5425	1587.5488	28906	50152	Myotis daubentonii	0.012	0.026	-1	Echolocation	192000	/home/adkris/Documents/mila-human-wav-txt/20220826_070000.WAV	205	Waveform 1	1
HF	1597.9228	51000.0	48960.0	5.838696602814925	1597.9205	1597.9257	34062	74000	Myotis brandtii	0.014	0.035	-1	Echolocation	192000	/home/adkris/Documents/mila-human-wav-txt/20220826_070000.WAV	206	Waveform 1	1
LF	1602.6648666666667	42750.0	42240.0	7.841098366341397	1602.6595	1602.6663	28906	45135	Myotis daubentonii	0.005	0.023	-1	Echolocation	192000	/home/adkris/Documents/mila-human-wav-txt/20220826_070000.WAV	207	Waveform 1	1
HF	1603.3572666666666	45000.0	46080.0	6.992297510024424	1603.3545	1603.3604	46093	55572	Pipistrellus pipistrellus	0.007	0.022	-1	Echolocation	192000	/home/adkris/Documents/mila-human-wav-txt/20220826_070000.WAV	208	Waveform 1	1
HF	1614.5275333333334	45000.0	42240.0	9.871467328053525	1614.5245	1614.5313	30625	53219	Myotis brandtii	0.011	0.028	-1	Echolocation	192000	/home/adkris/Documents/mila-human-wav-txt/20220826_070000.WAV	209	Waveform 1	1
HF	1614.8113666666666	47250.0	43200.0	9.586552352727498	1614.8065	1614.8138	32343	58672	Myotis bechsteinii	0.009	0.026	-1	Echolocation	192000	/home/adkris/Documents/mila-human-wav-txt/20220826_070000.WAV	210	Waveform 1	1
HF	1614.9181333333331	44250.0	43200.0	10.248866429472468	1614.9115	1614.9182	30625	55382	Myotis brandtii	0.009	0.026	-1	Echolocation	192000	/home/adkris/Documents/mila-human-wav-txt/20220826_070000.WAV	211	Waveform 1	1
HF	1615.0248666666666	42000.0	44160.0	16.458486800006845	1615.0195	1615.0263	31484	54767	Myotis brandtii	0.008	0.023	-1	Echolocation	192000	/home/adkris/Documents/mila-human-wav-txt/20220826_070000.WAV	212	Waveform 1	1
HF	1615.2311333333332	54750.0	50880.0	5.329595573629068	1615.2305	1615.2362	52109	58087	Pipistrellus pygmaeus	0.023	0.031	-1	Echolocation	192000	/home/adkris/Documents/mila-human-wav-txt/20220826_070000.WAV	213	Waveform 1	1
HF	1615.4037666666666	53250.0	53760.00000000001	5.305225579733247	1615.4015	1615.4079	52968	59131	Pipistrellus pygmaeus	0.033	0.036	-1	Echolocation	192000	/home/adkris/Documents/mila-human-wav-txt/20220826_070000.WAV	214	Waveform 1	1
HF	1615.705866666667	42750.0	42240.0	17.082234420759622	1615.7035	1615.7098	30625	55828	Myotis bechsteinii	0.009	0.026	-1	Echolocation	192000	/home/adkris/Documents/mila-human-wav-txt/20220826_070000.WAV	215	Waveform 1	1
HF	1615.7959	45750.0	43200.0	10.362607155251366	1615.7905	1615.7961	31484	51685	Myotis brandtii	0.01	0.027	-1	Echolocation	192000	/home/adkris/Documents/mila-human-wav-txt/20220826_070000.WAV	216	Waveform 1	1
HF	1615.881	46500.0	47040.0	5.442798817050452	1615.8795	1615.8855	33203	53465	Myotis brandtii	0.011	0.029	-1	Echolocation	192000	/home/adkris/Documents/mila-human-wav-txt/20220826_070000.WAV	217	Waveform 1	1
HF	1616.0956	46500.0	43200.0	15.84552665076151	1616.0905	1616.0964	30625	51604	Myotis bechsteinii	0.008	0.028	-1	Echolocation	192000	/home/adkris/Documents/mila-human-wav-txt/20220826_070000.WAV	218	Waveform 1	1
HF	1616.1899	45750.0	45120.0	17.31115936441508	1616.1855	1616.1921	31484	56399	Myotis bechsteinii	0.009	0.027	-1	Echolocation	192000	/home/adkris/Documents/mila-human-wav-txt/20220826_070000.WAV	219	Waveform 1	1
HF	1616.6540333333332	44250.0	44160.0	12.775219839213586	1616.6495	1616.6548	31484	59501	Myotis brandtii	0.011	0.026	-1	Echolocation	192000	/home/adkris/Documents/mila-human-wav-txt/20220826_070000.WAV	220	Waveform 1	1
HF	1617.0019333333332	41250.0	46080.0	19.578153116310176	1616.9955	1617.0024	30625	53658	Myotis bechsteinii	0.009	0.027	-1	Echolocation	192000	/home/adkris/Documents/mila-human-wav-txt/20220826_070000.WAV	221	Waveform 1	1
HF	1617.2481666666667	47250.0	45120.0	16.153918095854834	1617.2425	1617.249	32343	53984	Myotis brandtii	0.008	0.023	-1	Echolocation	192000	/home/adkris/Documents/mila-human-wav-txt/20220826_070000.WAV	222	Waveform 1	1
HF	1630.0285	42000.0	43200.0	13.018198309198246	1630.0235	1630.0295	30625	52121	Myotis brandtii	0.008	0.023	-1	Echolocation	192000	/home/adkris/Documents/mila-human-wav-txt/20220826_070000.WAV	223	Waveform 1	1
HF	1630.1218666666666	47250.0	48000.0	9.00210197018087	1630.1195	1630.1258	47812	56891	Pipistrellus pipistrellus	0.013	0.026	-1	Echolocation	192000	/home/adkris/Documents/mila-human-wav-txt/20220826_070000.WAV	224	Waveform 1	1
HF	1630.3072666666667	41250.0	43200.0	15.493044554294482	1630.3015	1630.3079	30625	56784	Myotis brandtii	0.009	0.024	-1	Echolocation	192000	/home/adkris/Documents/mila-human-wav-txt/20220826_070000.WAV	225	Waveform 1	1
HF	1630.5062	47250.0	42240.0	10.437086120066182	1630.5015	1630.5078	31484	54058	Myotis brandtii	0.009	0.023	-1	Echolocation	192000	/home/adkris/Documents/mila-human-wav-txt/20220826_070000.WAV	226	Waveform 1	1
HF	1630.7077	45750.0	45120.0	11.877140340959157	1630.7035	1630.7103	30625	58695	Myotis bechsteinii	0.015	0.033	-1	Echolocation	192000	/home/adkris/Documents/mila-human-wav-txt/20220826_070000.WAV	227	Waveform 1	1
HF	1630.8057	48000.0	48000.0	9.098933270774497	1630.8045	1630.8108	48671	55571	Pipistrellus pipistrellus	0.016	0.028	-1	Echolocation	192000	/home/adkris/Documents/mila-human-wav-txt/20220826_070000.WAV	228	Waveform 1	1
HF	1631.0075333333334	49500.0	48000.0	7.0966105580492975	1631.0065	1631.0118	49531	57437	Pipistrellus pygmaeus	0.025	0.039	-1	Echolocation	192000	/home/adkris/Documents/mila-human-wav-txt/20220826_070000.WAV	229	Waveform 1	1
HF	1631.1095666666668	51000.0	49920.0	9.0151506897765	1631.1045	1631.1116	51250	56394	Pipistrellus pygmaeus	0.02	0.031	-1	Echolocation	192000	/home/adkris/Documents/mila-human-wav-txt/20220826_070000.WAV	230	Waveform 1	1
HF	1631.3146666666669	48000.0	48000.0	7.740823632208241	1631.3095	1631.3165	47812	55094	Pipistrellus pipistrellus	0.017	0.03	-1	Echolocation	192000	/home/adkris/Documents/mila-human-wav-txt/20220826_070000.WAV	231	Waveform 1	1
HF	1631.4139333333333	54000.0	53760.00000000001	6.490038133330849	1631.4115	1631.4189	52968	58479	Pipistrellus pygmaeus	0.032	0.033	-1	Echolocation	192000	/home/adkris/Documents/mila-human-wav-txt/20220826_070000.WAV	232	Waveform 1	1
HF	1631.6225333333334	48750.0	48000.0	5.374628523112934	1631.6195	1631.6263	48671	55880	Pipistrellus pipistrellus	0.016	0.025	-1	Echolocation	192000	/home/adkris/Documents/mila-human-wav-txt/20220826_070000.WAV	233	Waveform 1	1
HF	1631.7105666666666	52500.0	51840.0	5.252466298675824	1631.7095	1631.7171	52109	60112	Pipistrellus pygmaeus	0.033	0.037	-1	Echolocation	192000	/home/adkris/Documents/mila-human-wav-txt/20220826_070000.WAV	234	Waveform 1	1
HF	1631.8004	48750.0	45120.0	10.390235901729575	1631.7955	1631.8016	31484	51730	Myotis brandtii	0.008	0.021	-1	Echolocation	192000	/home/adkris/Documents/mila-human-wav-txt/20220826_070000.WAV	235	Waveform 1	1
HF	1631.9016	42750.0	43200.0	17.177241791187505	1631.8945	1631.9019	30625	49251	Myotis bechsteinii	0.009	0.027	-1	Echolocation	192000	/home/adkris/Documents/mila-human-wav-txt/20220826_070000.WAV	236	Waveform 1	1
HF	1632.0553666666667	49500.0	48000.0	10.835084672045072	1632.0525	1632.0583	49531	58619	Pipistrellus pipistrellus	0.024	0.04	-1	Echolocation	192000	/home/adkris/Documents/mila-human-wav-txt/20220826_070000.WAV	237	Waveform 1	1
HF	1632.3783	50250.0	48960.0	10.63624741764838	1632.3715	1632.3792	50390	55794	Pipistrellus pipistrellus	0.016	0.028	-1	Echolocation	192000	/home/adkris/Documents/mila-human-wav-txt/20220826_070000.WAV	238	Waveform 1	1
HF	1633.0331	45750.0	45120.0	12.207448628376556	1633.0315	1633.0374	30625	64741	Myotis brandtii	0.016	0.033	-1	Echolocation	192000	/home/adkris/Documents/mila-human-wav-txt/20220826_070000.WAV	239	Waveform 1	1
LF	1634.2532666666666	42750.0	40320.0	5.13989457899521	1634.2475	1634.2539	28046	42682	Eptesicus serotinus	0.005	0.021	-1	Echolocation	192000	/home/adkris/Documents/mila-human-wav-txt/20220826_070000.WAV	240	Waveform 1	1
HF	1692.6765666666668	41250.0	41280.0	5.968163581923065	1692.6715	1692.6821	40078	45689	Pipistrellus nathusii	0.059	0.075	-1	Echolocation	192000	/home/adkris/Documents/mila-human-wav-txt/20220826_070000.WAV	241	Waveform 1	1
HF	1693.2124666666666	47250.0	47040.0	11.72875694140962	1693.2065	1693.2127	35781	62539	Myotis brandtii	0.009	0.025	-1	Echolocation	192000	/home/adkris/Documents/mila-human-wav-txt/20220826_070000.WAV	242	Waveform 1	1
HF	1693.4386	46500.0	46080.0	5.841377458671182	1693.4335	1693.4394	31484	57401	Myotis brandtii	0.011	0.025	-1	Echolocation	192000	/home/adkris/Documents/mila-human-wav-txt/20220826_070000.WAV	243	Waveform 1	1
HF	1694.0203	45000.0	45120.0	13.779599644708576	1694.0155	1694.0217	30625	56388	Myotis brandtii	0.016	0.036	-1	Echolocation	192000	/home/adkris/Documents/mila-human-wav-txt/20220826_070000.WAV	244	Waveform 1	1
HF	1694.2211	52500.0	52800.00000000001	9.20376797314011	1694.2185	1694.2269	52109	55595	Pipistrellus pygmaeus	0.057	0.066	-1	Echolocation	192000	/home/adkris/Documents/mila-human-wav-txt/20220826_070000.WAV	245	Waveform 1	1
HF	1694.3289666666667	45000.0	42240.0	5.970084867225961	1694.3235	1694.3302	31484	48047	Myotis brandtii	0.01	0.027	-1	Echolocation	192000	/home/adkris/Documents/mila-human-wav-txt/20220826_070000.WAV	246	Waveform 1	1
HF	1694.635	54000.0	53760.00000000001	7.907911720379542	1694.6345	1694.6415	53828	58862	Pipistrellus pygmaeus	0.102	0.105	-1	Echolocation	192000	/home/adkris/Documents/mila-human-wav-txt/20220826_070000.WAV	247	Waveform 1	1
HF	1694.929933333333	52500.0	52800.00000000001	8.326823087272912	1694.9275	1694.9349	52968	58930	Pipistrellus pygmaeus	0.054	0.06	-1	Echolocation	192000	/home/adkris/Documents/mila-human-wav-txt/20220826_070000.WAV	248	Waveform 1	1
HF	1695.0357	45000.0	45120.0	13.965962844822752	1695.0305	1695.0363	30625	57780	Myotis brandtii	0.012	0.028	-1	Echolocation	192000	/home/adkris/Documents/mila-human-wav-txt/20220826_070000.WAV	249	Waveform 1	1
HF	1695.4859666666666	47250.0	48960.0	11.77436515843544	1695.4805	1695.4872	48671	57281	Pipistrellus pipistrellus	0.027	0.046	-1	Echolocation	192000	/home/adkris/Documents/mila-human-wav-txt/20220826_070000.WAV	250	Waveform 1	1
HF	1695.7215666666666	48000.0	48960.0	12.684288957579785	1695.7165	1695.7236	49531	55023	Pipistrellus pipistrellus	0.025	0.038	-1	Echolocation	192000	/home/adkris/Documents/mila-human-wav-txt/20220826_070000.WAV	251	Waveform 1	1
HF	1703.737033333333	43500.0	44160.0	6.5785216000321896	1703.7335	1703.7398	37500	50813	Myotis brandtii	0.025	0.077	-1	Echolocation	192000	/home/adkris/Documents/mila-human-wav-txt/20220826_070000.WAV	252	Waveform 1	1
HF	1704.633466666667	50250.0	47040.0	8.097788990009851	1704.6275	1704.6337	31484	53081	Myotis brandtii	0.011	0.025	-1	Echolocation	192000	/home/adkris/Documents/mila-human-wav-txt/20220826_070000.WAV	253	Waveform 1	1
HF	1705.0696	48000.0	48000.0	18.40616025369692	1705.0685	1705.0749	46953	55939	Pipistrellus pipistrellus	0.04	0.059	-1	Echolocation	192000	/home/adkris/Documents/mila-human-wav-txt/20220826_070000.WAV	254	Waveform 1	1
HF	1705.366	45000.0	45120.0	5.238522030308337	1705.3645	1705.3705	29765	51125	Barbastellus barbastellus	0.01	0.039	-1	Echolocation	192000	/home/adkris/Documents/mila-human-wav-txt/20220826_070000.WAV	255	Waveform 1	1
HF	1705.598	44250.0	44160.0	13.85630163533066	1705.5925	1705.598	30625	52309	Myotis bechsteinii	0.01	0.029	-1	Echolocation	192000	/home/adkris/Documents/mila-human-wav-txt/20220826_070000.WAV	256	Waveform 1	1
HF	1705.8199666666667	49500.0	48960.0	15.187264818052157	1705.8145	1705.8212	50390	56015	Pipistrellus pipistrellus	0.031	0.053	-1	Echolocation	192000	/home/adkris/Documents/mila-human-wav-txt/20220826_070000.WAV	257	Waveform 1	1
HF	1706.2268666666666	51750.0	51840.0	9.73820832127946	1706.2225	1706.2303	52968	58000	Pipistrellus pygmaeus	0.1	0.102	-1	Echolocation	192000	/home/adkris/Documents/mila-human-wav-txt/20220826_070000.WAV	258	Waveform 1	1
HF	1706.3241	54000.0	52800.00000000001	8.93085747874498	1706.3215	1706.3299	53828	60743	Pipistrellus pygmaeus	0.093	0.098	-1	Echolocation	192000	/home/adkris/Documents/mila-human-wav-txt/20220826_070000.WAV	259	Waveform 1	1
HF	1706.5362	57000.0	53760.00000000001	5.461997503477143	1706.5325	1706.5398	55546	62580	Pipistrellus pygmaeus	0.054	0.055	-1	Echolocation	192000	/home/adkris/Documents/mila-human-wav-txt/20220826_070000.WAV	260	Waveform 1	1
HF	1707.0646	51000.0	52800.00000000001	10.652457367336972	1707.0605	1707.0674	52968	58822	Pipistrellus pygmaeus	0.047	0.055	-1	Echolocation	192000	/home/adkris/Documents/mila-human-wav-txt/20220826_070000.WAV	261	Waveform 1	1
HF	1707.2850666666666	47250.0	47040.0	14.973723675747063	1707.2795	1707.2861	30625	52265	Myotis bechsteinii	0.009	0.027	-1	Echolocation	192000	/home/adkris/Documents/mila-human-wav-txt/20220826_070000.WAV	262	Waveform 1	1
HF	1707.3631666666668	45000.0	44160.0	15.586032862230416	1707.3575	1707.364	32343	51434	Myotis brandtii	0.009	0.024	-1	Echolocation	192000	/home/adkris/Documents/mila-human-wav-txt/20220826_070000.WAV	263	Waveform 1	1
HF	1707.4368	52500.0	48960.0	14.97651313331288	1707.4325	1707.4392	50390	57622	Pipistrellus pipistrellus	0.029	0.052	-1	Echolocation	192000	/home/adkris/Documents/mila-human-wav-txt/20220826_070000.WAV	264	Waveform 1	1
HF	1707.517466666667	48750.0	48000.0	12.383337605064485	1707.5115	1707.5177	49531	53924	Pipistrellus pipistrellus	0.03	0.056	-1	Echolocation	192000	/home/adkris/Documents/mila-human-wav-txt/20220826_070000.WAV	265	Waveform 1	1
HF	1707.6742333333334	52500.0	54719.99999999999	5.9708582686844025	1707.6715	1707.6786	53828	60711	Pipistrellus pygmaeus	0.033	0.035	-1	Echolocation	192000	/home/adkris/Documents/mila-human-wav-txt/20220826_070000.WAV	266	Waveform 1	1
HF	1708.4319666666668	55500.0	55679.99999999999	10.572371187431193	1708.4285	1708.4372	54687	59764	Pipistrellus pygmaeus	0.042	0.044	-1	Echolocation	192000	/home/adkris/Documents/mila-human-wav-txt/20220826_070000.WAV	267	Waveform 1	1
HF	1710.4936	43500.0	43200.0	7.668819329550231	1710.4845	1710.4969	41796	46787	Pipistrellus nathusii	0.054	0.069	-1	Echolocation	192000	/home/adkris/Documents/mila-human-wav-txt/20220826_070000.WAV	268	Waveform 1	1
HF	1710.6577666666667	45750.0	45120.0	5.7908369916154445	1710.6515	1710.6609	39218	51213	Pipistrellus nathusii	0.048	0.083	-1	Echolocation	192000	/home/adkris/Documents/mila-human-wav-txt/20220826_070000.WAV	269	Waveform 1	1
HF	1711.6651	38250.0	40320.0	5.609150893157353	1711.6615	1711.6724	37500	43872	Pipistrellus nathusii	0.082	0.104	-1	Echolocation	192000	/home/adkris/Documents/mila-human-wav-txt/20220826_070000.WAV	270	Waveform 1	1
HF	1739.8455	53250.0	48000.0	5.244081208929725	1739.8405	1739.8465	35781	62022	Myotis bechsteinii	0.01	0.027	-1	Echolocation	192000	/home/adkris/Documents/mila-human-wav-txt/20220826_070000.WAV	271	Waveform 1	1
HF	1742.2748333333334	54750.0	54719.99999999999	8.838842040362223	1742.2725	1742.28	54687	64021	Pipistrellus pygmaeus	0.027	0.029	-1	Echolocation	192000	/home/adkris/Documents/mila-human-wav-txt/20220826_070000.WAV	272	Waveform 1	1
HF	1745.6341666666667	57750.0	56640.0	8.127295664898412	1745.6325	1745.6395	57265	63275	Pipistrellus pygmaeus	0.035	0.036	-1	Echolocation	192000	/home/adkris/Documents/mila-human-wav-txt/20220826_070000.WAV	273	Waveform 1	1
HF	1745.9392	56250.0	55679.99999999999	12.145446162333034	1745.9375	1745.9433	54687	61634	Pipistrellus pygmaeus	0.062	0.069	-1	Echolocation	192000	/home/adkris/Documents/mila-human-wav-txt/20220826_070000.WAV	274	Waveform 1	1
HF	1746.1717666666666	56250.0	55679.99999999999	10.045728454537372	1746.1685	1746.1774	55546	63142	Pipistrellus pygmaeus	0.025	0.027	-1	Echolocation	192000	/home/adkris/Documents/mila-human-wav-txt/20220826_070000.WAV	275	Waveform 1	1
LF	1746.4641	43500.0	43200.0	6.152998285965097	1746.4605	1746.4679	27187	45021	Eptesicus serotinus	0.007	0.027	-1	Echolocation	192000	/home/adkris/Documents/mila-human-wav-txt/20220826_070000.WAV	276	Waveform 1	1
HF	1746.5166666666669	48750.0	48960.0	6.062707349561753	1746.5135	1746.519	34062	68750	Myotis brandtii	0.011	0.029	-1	Echolocation	192000	/home/adkris/Documents/mila-human-wav-txt/20220826_070000.WAV	277	Waveform 1	1
HF	1757.0645	59250.0	60480.0	7.819007727468454	1757.0635	1757.07	58125	65620	Pipistrellus pygmaeus	0.053	0.055	-1	Echolocation	192000	/home/adkris/Documents/mila-human-wav-txt/20220826_070000.WAV	278	Waveform 1	1
HF	1765.0121333333334	48000.0	48000.0	13.885598491118692	1765.0075	1765.0127	33203	74443	Myotis bechsteinii	0.011	0.032	-1	Echolocation	192000	/home/adkris/Documents/mila-human-wav-txt/20220826_070000.WAV	279	Waveform 1	1
LF	1768.2907	41250.0	42240.0	5.141977578824043	1768.2835	1768.2908	28046	42145	Eptesicus serotinus	0.007	0.023	-1	Echolocation	192000	/home/adkris/Documents/mila-human-wav-txt/20220826_070000.WAV	280	Waveform 1	1
HF	1775.7697666666666	22500.0	46080.0	6.346186554464028	1775.7675	1775.7739	27187	53540	Myotis daubentonii	0.009	0.027	-1	Echolocation	192000	/home/adkris/Documents/mila-human-wav-txt/20220826_070000.WAV	281	Waveform 1	1
HF	1776.4741333333334	43500.0	44160.0	6.836744185655201	1776.4675	1776.4742	28046	46282	Myotis daubentonii	0.016	0.032	-1	Echolocation	192000	/home/adkris/Documents/mila-human-wav-txt/20220826_070000.WAV	282	Waveform 1	1
HF	1776.6664666666666	42000.0	42240.0	7.897088246085016	1776.6605	1776.6667	28906	49314	Myotis daubentonii	0.012	0.024	-1	Echolocation	192000	/home/adkris/Documents/mila-human-wav-txt/20220826_070000.WAV	283	Waveform 1	1
LF	1788.2174666666667	40500.0	40320.0	6.420729787133155	1788.2125	1788.2197	29765	41499	Myotis daubentonii	0.008	0.026	-1	Echolocation	192000	/home/adkris/Documents/mila-human-wav-txt/20220826_070000.WAV	284	Waveform 1	1
